0.0247496569999776,0.0319430970000376,0.0347564680000087,0.029063893999969,-0.109737837999995,
0.0211172219999999,0.0252067020000286,0.0291723170000032,0.0253499359999914,-0.101016401999995,
0.0282106599999997,0.0329188269999859,0.0240149979999951,0.026671035000023,-0.108225317000013,
0.0383336349999772,0.0265816010000144,0.0258477410000396,0.0293483530000049,-0.0968294399999959,
0.0296311209999631,0.0250896700000385,0.02284135099997,0.0229244049999625,-0.105801196000025,
0.0296293589999914,0.0247837450000206,0.032436550999977,0.031733931999981,-0.113137821000008,
0.0261653899999956,0.0179837459999972,0.0314275189999926,0.0272663019999982,-0.109485390000008,
0.0268678850000315,0.0352499679999937,0.0170224209999569,0.0250599589999983,-0.0984350550000218,
0.0248561429999827,0.0282763849999737,0.0279272339999934,0.0152973779999866,-0.110408747000009,
0.0241545950000127,0.0309196210000082,0.0274667090000275,0.0268735679999827,-0.122447879999979,
0.0324963959999959,0.0267395630000292,0.0233310040000079,0.0195439999999844,-0.0925469250000206,
0.0263897750000178,0.0161892499999576,0.0161892499999576,0.0305784520000252,-0.114827896000031,
0.0273980279999769,0.0282681110000349,0.0236000949999934,0.0249339400000108,-0.103833973999966,
0.0280744489999715,0.0120973119999953,0.0246949019999975,0.0282705319999977,-0.0832192139999979,
0.0206961489999876,0.0207500419999833,0.0328366930000057,0.0210564650000069,-0.0708763980000131,
0.0219740380000121,0.0250443680000108,0.0274934290000401,0.0361162189999832,-0.117347429,
0.0298444109999991,0.0290981229999943,0.0183218359999837,0.0150580860000427,-0.0961892610000159,
0.023070747999991,0.0327908060000564,0.0236980399999838,0.0232292670000052,-0.118497018999984,
0.0246304790000086,0.0270420410000424,0.0137080360000318,0.0213579759999702,-0.0955092910000103,
0.0229744739999678,0.0164714869999898,0.0180000609999797,0.0284868149999566,-0.0996081760000325,
0.035144553000001,0.0206676379999963,0.0302669310000119,0.025524058999983,-0.0978377680000167,
0.0218177989999813,0.0243581010000089,0.0170565729999644,0.0245968400000056,-0.0793545089999925,
0.0289630210000169,0.0157317929999936,0.0314985930000321,0.0150869550000225,-0.105854934000007,
0.0194968720000052,0.0262694349999974,0.0167534920000226,0.024400792000014,-0.0909164180000225,
0.0190336750000242,0.0213338200000489,0.0225441239999991,0.0263020999999808,-0.0974033270000536,
0.0301684199999863,0.0270284200000124,0.0311587719999998,0.032545890999997,-0.100970961000006,
0.0275768009999865,0.023318125999981,0.0215741639999997,0.0288201619999973,-0.106032789000028,
0.0311479259999905,0.0368663820000447,0.0335923369999709,0.0246246269999856,-0.11175861599999,
0.0380443829999822,0.0216559649999854,0.0333163279999608,0.0404314649999933,-0.106550982999998,
0.0421350370000227,0.0178978269999934,0.0215809019999897,0.025033303000012,-0.114115126000038,
0.0318062830000208,0.021117708000007,0.0164166789999872,0.0331461800000025,-0.116945079999995,
0.0205349189999988,0.032600213000027,0.032600213000027,0.0331317950000166,-0.136831818999966,
0.0278361519999671,0.0188741019999934,0.0262104969999909,0.0293055339999646,-0.11326708099999,
0.0290592070000248,0.0240068130000409,0.0276974919999939,0.0217454970000199,-0.095444484000026,
0.0157042550000233,0.0228894920000093,0.0217643370000214,0.0139883899999732,-0.0873184939999956,
0.0303392549999762,0.015171381000011,0.0136903110000148,0.0212169430000004,-0.100272610999987,
0.0281367130000135,0.0287666959999879,0.0244296600000125,0.0321880590000173,-0.0829532840000174,
0.023559352000002,0.0372371840000296,0.0239366940000264,0.00570870999997624,-0.0852739730000321,
0.0214812529999981,0.0259385750000192,0.0203317460000262,0.0165542640000231,-0.0854628189999985,
0.0278953410000277,0.0272958979999848,0.041140021000012,0.0303168379999897,-0.0956848900000223,
0.021150986000006,0.0184463019999621,0.026195552000012,0.0186165579999679,-0.111504998999992,
0.0237071159999987,0.0246381289999863,0.0244510509999882,0.018896572000036,-0.0985062589999961,
0.0268761119999735,0.0218289270000068,0.026074439,0.0365242589999853,-0.127194827999979,
0.0128417000000009,0.0351651619999784,0.0238286020000232,0.0229679250000027,-0.104429898999983,
0.0226439579999887,0.0163064069999818,0.0230851389999725,0.0343142939999916,-0.115392509000008,
0.0213273830000026,0.0217618799999991,0.0236342629999872,0.0188057109999918,-0.0940821090000063,
0.0229783130000069,0.0434529910000174,0.0233234290000191,0.019015580000023,-0.0773893940000035,
0.021073170000026,0.0211406539999725,0.0194824009999911,0.0140852320000167,-0.0799315920000436,
0.0205998829999744,0.0245960100000248,0.0161172559999995,0.0275461669999968,-0.104003276999971,
0.0318097119999875,0.0312162699999908,0.02382297499997,0.0226381980000042,-0.0911915829999998,
0.0264539129999885,0.0272999889999983,0.0199166699999796,0.0259283340000147,-0.0900578949999363,
0.035909397000034,0.0154824590000317,0.0216107020000263,0.0239015960000106,-0.106110677,
0.0244936560000087,0.0332280939999946,0.0263292970000148,0.029053459999991,-0.0941103920000051,
0.0196678779999875,0.0327631070000252,0.0203751920000095,0.0304636410000212,-0.0944203560000324,
0.0205809790000076,0.0290144149999805,0.0256462570000213,0.0227171380000054,-0.0979147919999987,
0.0171229630000098,0.0253737690000207,0.0215474880000065,0.0136434320000108,-0.112747699000014,
0.0288123309999846,0.0266414129999757,0.0185548180000251,0.020744341999969,-0.0951062029999748,
0.0212157640000232,0.0373261409999814,0.0325139249999738,0.0245793989999675,-0.0844337399999822,
0.0409642740000163,0.0279931830000269,0.0260210909999987,0.0145194730000112,-0.0951677499999887,
0.0234813069999818,0.0282994370000188,0.0238731930000122,0.0172287909999923,-0.105387375000008,
0.0221345409999831,0.0206290100000442,0.014933843999991,0.0324421149999644,-0.113693842999984,
0.0258540669999848,0.0287346180000104,0.0230332379999618,0.0202461830000257,-0.0727385119999863,
0.019591395999988,0.0220546100000056,0.0222789739999935,0.0255817409999827,-0.0749248639999932,
0.0148518650000051,0.0262372450000148,0.0164143659999891,0.0345521400000307,-0.119813032999964,
0.0124070119999915,0.018334297000024,0.0228802389999655,0.0229707280000121,-0.0859178050000182,
0.0205965560000113,0.0269663699999737,0.0235764039999885,0.0193676549999846,-0.100023805999981,
0.0376681359999829,0.0372647209999959,0.0266430190000301,0.0175582440000126,-0.0837663739999471,
0.0144970129999783,0.023498994999999,0.0236640180000186,0.0197050789999894,-0.115145270000025,
0.024088469000023,0.0281425569999728,0.0233963630000062,0.0335794779999997,-0.120361656000029,
0.0268474569999944,0.0222029460000076,0.0241817609999471,0.0287478999999894,-0.0784034409999831,
0.0326563420000002,0.032466294000018,0.0288997050000053,0.0250747339999889,-0.106476189999989,
0.0279526219999752,0.0338539710000323,0.0333408749999762,0.0363067090000304,-0.132755419,
0.022581740000006,0.0155073469999743,0.0327911320000057,0.0182651899999919,-0.0907451430000228,
0.0278785290000242,0.0212606279999864,0.032747717000022,0.0231627880000106,-0.0842797899999669,
0.0153001420000137,0.0254021889999876,0.024115519999993,0.0190854800000061,-0.092435921999996,
0.0271334849999939,0.0195217539999958,0.027080267000003,0.0170154050000101,-0.0870256049999862,
0.0214310000000078,0.0258312880000249,0.018995390000001,0.0200407249999998,-0.0760458770000023,
0.0262150989999855,0.0302832900000085,0.0315403420000021,0.0229214330000059,-0.131152502000024,
0.0281401549999637,0.0169855019999823,0.0221898369999526,0.0205864329999968,-0.119299238000005,
0.0276086440000381,0.0257720640000061,0.0277917210000214,0.0332925090000044,-0.126918661999969,
0.0235984200000094,0.0272413010000209,0.0259965499999844,0.0200712670000084,-0.0955913959999843,
0.0191014780000205,0.0294095170000128,0.0212317130000074,0.029681819999988,-0.0919652779999833,
0.0232875669999812,0.0156053409999749,0.0112404319999978,0.0239686919999858,-0.0985076799999924,
0.0153599960000329,0.019855762999955,0.0275492179999892,0.0286064490000535,-0.078206703000008,
0.032759511000002,0.0235793539999995,0.0140869129999764,0.0303590120000235,-0.0880982289999838,
0.0261754240000164,0.0255867360000384,0.0205355759999884,0.0355147210000077,-0.103908209000056,
0.0246926450000246,0.0195883970000295,0.012075170999994,0.0206531719999621,-0.0719677770000262,
0.0289020630000241,0.0307986819999906,0.0253683650000157,0.0281489729999958,-0.120324747999993,
0.0279481220000307,0.0330947330000308,0.0284089640000084,0.0384318300000095,-0.0981371660000204,
0.0184768100000092,0.0193308620000171,0.0222312749999855,0.0229155249999912,-0.0852751470000185,
0.0252052350000185,0.0225586710000034,0.0238034070000494,0.0193514709999918,-0.0945436600000176,
0.0304786810000205,0.0225143179999886,0.0328505529999775,0.0183370080000423,-0.0880092650000124,
0.029119091000045,0.0109977449999915,0.0229065610000062,0.0196671710000082,-0.10440551799998,
0.0185266629999969,0.0283152679999966,0.0361629700000067,0.0227134330000335,-0.0880581040000061,
0.0238116389999923,0.0147368059999962,0.0185803959999967,0.0227019740000051,-0.0945146079999995,
0.0205117020000062,0.0193135409999841,0.0157585350000409,0.0258195110000097,-0.107003216,
0.0220016810000034,0.0134281749999909,0.0185014719999863,0.0206841589999894,-0.0847084509999877,
0.0215883660000154,0.0242776980000008,0.0160898409999882,0.0160898409999882,-0.0812051080000056,
0.0156062979999806,0.0228633989999862,0.032863749999975,0.0247214930000036,-0.118024379000008,
0.024959584999996,0.022810538000017,0.0174469950000284,0.0196419490000226,-0.0921009889999905,
0.0267474899999552,0.0321762280000012,0.0245825899999909,0.0375449480000316,-0.10955725900001,
0.0412460219999857,0.0316947179999643,0.0224436569999671,0.0416500130000186,-0.11618098699998,
0.0297140540000464,0.0264670559999995,0.0258112139999812,0.0226769249999852,-0.105232581000002,
0.0313776320000125,0.0267108980000012,0.0301533159999908,0.0335330129999984,-0.0981146940000099,
0.0381228600000122,0.0182903870000218,0.0227244579999797,0.0188585790000016,-0.100236254999973,
0.0359060930000005,0.0372193510000379,0.0289479990000082,0.0292921109999916,-0.108436843999994,
0.0293106739999967,0.0285049840000183,0.0365889680000091,0.0425437519999841,-0.123272761999967,
0.0155149429999765,0.0317982600000005,0.030697950000008,0.0310666909999827,-0.132264625999999,
0.013985680999991,0.0205619049999877,0.0224390830000048,0.0247667070000161,-0.0887763339999856,
0.0301352010000173,0.0185127660000062,0.0211167950000145,0.0199675599999819,-0.0927508249999892,
0.0213819040000044,0.0206452319999798,0.0253852930000257,0.0235941970000085,-0.0950860859999866,
0.0271745710000241,0.027135054000003,0.0239656280000063,0.0226461429999808,-0.097356281000023,
0.0240185870000278,0.0346206910000083,0.0324671809999809,0.030142539999988,-0.109218434000014,
0.0307401380000319,0.0260337949999976,0.0262185069999741,0.0239154899999976,-0.0806578940000245,
0.0385788619999812,0.0347225710000148,0.0160310239999826,0.0242066009999962,-0.106095366999974,
0.0290557710000103,0.0250864219999812,0.019400637000007,0.023385943000002,-0.111147275000004,
0.0297643919999891,0.0276281130000443,0.029971747999989,0.0206733709999899,-0.0905489100000104,
0.027344170000023,0.0473485619999938,0.025773838999984,0.036327921000041,-0.112006438999994,
0.0445142549999819,0.0263211259999907,0.0327219910000349,0.0211708190000072,-0.124128537999995,
0.0305839189999715,0.0194729610000204,0.0323461650000318,0.0273419459999923,-0.115295311999996,
0.0264336029999895,0.0303271490000461,0.0241288370000066,0.0224644189999708,-0.0976493999999866,
0.0113108040000106,0.015310459999997,0.0192199519999995,0.0229410009999865,-0.107497443000018,
0.0229891959999786,0.0286851639999895,0.0158773339999898,0.0267357470000306,-0.0856312810000009,
0.0334942490000176,0.0246453970000166,0.0185156709999628,0.0231144460000069,-0.0951928649999836,
0.0169416679999758,0.0316361529999804,0.0245760200000068,0.0228191019999949,-0.0862500499999751,
0.0179213680000012,0.0175929479999731,0.0176934619999683,0.0214768799999929,-0.0832300519999762,
0.0380835470000175,0.0252282220000088,0.0472220439999946,0.00831305099998917,-0.119368189000002,
0.0154560689999689,0.0178133819999921,0.0153646139999992,0.0243558660000081,-0.119744505000004,
0.0167586759999976,0.0255129959999949,0.0270534940000234,0.0198590390000072,-0.0870005860000292,
0.0290068470000097,0.0155465280000035,0.0224202560000131,0.0249566079999759,-0.067147955999988,
0.0282620909999878,0.0192021819999945,0.0138597680000121,0.0284205930000189,-0.0821802049999951,
0.0192154209999808,0.0324815730000155,0.0264262339999914,0.0249005160000161,-0.107270185000019,
0.0260097229999892,0.0223400339999635,0.020964361000033,0.0312606219999716,-0.104208798000009,
0.0308947080000353,0.018540391000005,0.0326009709999971,0.0150851629999697,-0.117092957999991,
0.0318277050000161,0.0252150260000153,0.0310081720000017,0.0339900610000177,-0.0912314480000096,
0.0313691970000027,0.0361682500000043,0.0408077359999952,0.027026576000002,-0.103476167000001,
0.032136243000029,0.0233338999999878,0.0258885739999841,0.0280157270000545,-0.105494516000006,
0.0162092890000158,0.0122398150000427,0.0216887190000243,0.0277165970000187,-0.0858449360000213,
0.0197047179999963,0.0163372570000174,0.0183380739999975,0.0266917319999811,-0.111070973000014,
0.0238583970000118,0.025369749000004,0.0255774449999908,0.0321721139999699,-0.0996115640000089,
0.0203114080000259,0.0261634549999717,0.0234770179999732,0.0183113519999742,-0.0815485189999918,
0.0295310879999815,0.0153409220000176,0.0183787860000184,0.0291705389999961,-0.102355141999999,
0.0267494699999934,0.0270792989999754,0.032317215999974,0.025944964999997,-0.0981184639999719,
0.0357732109999943,0.0172020970000003,0.0244621019999913,0.0265813400000243,-0.0712323630000255,
0.0233826779999727,0.0274145950000066,0.0137835889999551,0.0132523649999739,-0.0901476249999942,
0.0335488660000019,0.0257093360000008,0.0298012359999593,0.0251617539999625,-0.102299822999989,
0.0190649530000046,0.0254111019999673,0.0266837979999909,0.0241830500000306,-0.11024952900001,
0.0265298910000174,0.0263931490000123,0.0225576989999909,0.0213853720000197,-0.112644185999985,
0.026360445000013,0.0269192710000443,0.0277870239999775,0.0325051320000148,-0.0843833709999763,
0.0300994970000065,0.017728689000005,0.0245555309999763,0.0264387830000132,-0.105314186000023,
0.0223272029999716,0.0189780169999776,0.0328846609999719,0.0336203159999777,-0.107423439000048,
0.0282295249999697,0.022963346999958,0.0164090229999783,0.0241397130000223,-0.11396189299998,
0.0151813389999807,0.0232019610000307,0.0322936420000033,0.0146872090000006,-0.112045935999966,
0.0379788530000151,0.0292339089999923,0.0231978380000264,0.0180538689999948,-0.0928869219999851,
0.0169851089999756,0.0307704369999619,0.0210083220000133,0.0200940439999285,-0.0905092579999773,
0.0258917619999893,0.0337481780000016,0.0143153440000042,0.0289794399999628,-0.124754288999979,
0.024334931000004,0.00972980700000244,0.0242657599999739,0.0355140640000218,-0.0900600290000129,
0.0282198150000186,0.0123696640000107,0.0264984589999876,0.0240610090000018,-0.0944341059999897,
0.0298534569999902,0.013778892000013,0.0314545700000099,0.0399774280000001,-0.122978070000003,
0.0262111450000193,0.0264585080000106,0.026489591000025,0.0236388220000035,-0.0946742089999843,
0.0183494269999983,0.0216959859999897,0.0191552339999835,0.0309196850000208,-0.0913711479999793,
0.0209482020000087,0.019306848999965,0.0291041099999748,0.0193452299999935,-0.101426032999999,
0.0306213799999987,0.0224425419999852,0.0208857609999959,0.0113584859999892,-0.097008456000005,
0.0222042519999877,0.0140363319999797,0.0228366050000323,0.0272388849999916,-0.107741160999994,
0.0278828470000099,0.0236191350000317,0.0229264600000006,0.0210981599999877,-0.104447001999993,
0.0228058540000084,0.0203212729999823,0.0198806380000296,0.0180004849999723,-0.104570583999992,
0.0247492199999997,0.0266802299999799,0.0314789440000068,0.0250598660000151,-0.123403881000031,
0.0201764199999989,0.0266819829999758,0.0289123199999885,0.0251792800000103,-0.0819091589999944,
0.032900435999999,0.0169135389999738,0.0303370390000136,0.0252289779999974,-0.080461348999992,
0.0212119569999832,0.0248236319999924,0.0159994879999813,0.0195056359999689,-0.113986733000003,
0.0213595479999995,0.0370080019999659,0.0386953839999969,0.0141037190000061,-0.100089976000004,
0.0269865759999975,0.0229704840000049,0.0275379020000055,0.0310507240000106,-0.100665783999996,
0.0170145010000251,0.0193552369999916,0.0329021290000037,0.0247389029999749,-0.0931089449999863,
0.0233942869999983,0.0290784460000223,0.0347801239999844,0.0251770210000277,-0.116027070999998,
0.0229428439999811,0.015373641000022,0.022562758999974,0.0252416560000011,-0.103693026000015,
0.0291337799999901,0.0244230699999734,0.0255965029999652,0.0212070420000027,-0.122403265999997,
0.030196294999997,0.0173747560000211,0.025105654999993,0.0165224910000225,-0.103619175000004,
0.0189599630000166,0.0225569150000019,0.0222372150000256,0.0199576150000257,-0.0861241789999849,
0.0243124480000124,0.0236627039999903,0.0204322529999581,0.0194612850000331,-0.121882307999998,
0.0314157509999968,0.0298877630000188,0.0155283549999658,0.0167561430000069,-0.0932166340000331,
0.0274881430000505,0.026119714999978,0.0267350280000273,0.0297755529999968,-0.106547207999982,
0.0194717310000015,0.0238880339999751,0.0205072359999904,0.0254582660000324,-0.106424393000008,
0.0206968099999958,0.0178409520000287,0.0244173979999696,0.0314847850000069,-0.101107483000007,
0.0218968349999977,0.0265747930000098,0.0327659809999914,0.0158339440000118,-0.0960121119999703,
0.0223878529999674,0.0399139389999946,0.0291176429999996,0.0299411019999598,-0.120334873999994,
0.0208805590000229,0.0225770789999742,0.0186428440000018,0.0193525630000195,-0.0865529479999932,
0.0248864130000002,0.0293080119999895,0.025888554000001,0.0289809119999609,-0.10824948299997,
0.00852513699998508,0.0360105590000276,0.0135905589999948,0.039237823000014,-0.14664104600001,
0.0362761459999892,0.0295181849999917,0.0233121129999854,0.0190917430000027,-0.120084399000026,
0.0265648809999993,0.0365414749999845,0.0210030140000199,0.0178399060000093,-0.0989057950000242,
0.0241566000000093,0.0302399019999739,0.0125138340000058,0.0255776709999955,-0.0919670200000237,
0.0344133690000044,0.0297719930000057,0.0310012400000105,0.0310580650000211,-0.0834428809999836,
0.0219812070000389,0.0210253880000228,0.0236565919999621,0.025009022000022,-0.100260969000041,
0.0299658329999902,0.0318464519999934,0.0202435759999962,0.0167901679999695,-0.0878485820000233,
0.0295091909999974,0.0271506839999829,0.0310139060000029,0.0300291720000114,-0.108410619999997,
0.0320371979999945,0.013041645999996,0.0302193930000258,0.035547488000002,-0.0903900590000085,
0.0343723069999942,0.0124884260000317,0.02531539600001,0.0186202540000095,-0.112964095000023,
0.0278093130000152,0.0296767680000057,0.0345987739999828,0.0213271990000148,-0.0893725189999668,
0.0240252350000046,0.0303475059999937,0.0308509369999774,0.0233487170000144,-0.0871615949999987,
0.0250844489999981,0.0273366090000154,0.0230251000000353,0.0207055779999646,-0.0993894400000481,
0.0253782660000215,0.0305924369999821,0.0338344890000208,0.0359617709999911,-0.117589705000006,
0.0291455030000161,0.0286463529999992,0.0261978229999841,0.023918167999992,-0.0822821429999658,
0.0287917540000135,0.0213611060000321,0.0282360300000091,0.0263953330000177,-0.107941692000024,
0.025220733000052,0.0266281879999606,0.0247440080000188,0.0367919920000022,-0.103510969000033,
0.0305272449999966,0.0343968039999727,0.00960149699995691,0.0461901590000371,-0.097161930000022,
0.0260346419999823,0.0282409439999947,0.0134021640000183,0.0265878970000067,-0.115847785999989,
0.0295406380000086,0.0125126790000131,0.0242591490000304,0.0315335370000221,-0.0989407179999807,
0.0198430169999992,0.0242914709999804,0.0240215320000261,0.0266101330000129,-0.0791422910000165,
0.0186690090000266,0.0313835609999933,0.0190102829999851,0.0253209320000005,-0.0869418539999951,
0.0214085830000258,0.0261742509999967,0.0234064420000323,0.0244754710000143,-0.0957214239999985,
0.0350885159999871,0.0239729250000291,0.0524913449999758,0.0238693500000263,-0.0952331920000188,
0.0320623970000061,0.0327851910000199,0.0313449529999998,0.0294019720000178,-0.108998344999998,
0.0139981209999596,0.0155404659999913,0.0332996259999982,0.0277106480000357,-0.0899308919999921,
0.0199412060000441,0.0271163070000184,0.0159363139999896,0.0158087630000118,-0.106735010999995,
0.0196695640000198,0.0287530259999921,0.0259455760000255,0.0217921490000281,-0.0982884290000229,
0.0329042779999763,0.0272020089999996,0.0294719590000068,0.0413028319999848,-0.129599260000036,
0.0304634310000502,0.0249068959999649,0.0172225510000426,0.0366092490000055,-0.0870661370000007,
0.0265746719999843,0.0198902889999799,0.0218507419999687,0.0241131939999941,-0.102537849999974,
0.0267076290000023,0.0246930529999672,0.0347239670000445,0.0367619659999827,-0.0946841659999836,
0.0311530089999596,0.0280299220000152,0.0245572599999969,0.0284829039999922,-0.118681879999957,
0.0311183579999915,0.025639008999955,0.024494263999999,0.0358468010000179,-0.0971032040000255,
0.020289856999977,0.00994844999999714,0.0212209980000162,0.0258498099999642,-0.107356512000009,
0.0194460089999993,0.0279804590000022,0.029159308999986,0.0281724080000067,-0.0820825400000103,
0.0284589990000004,0.0335977190000131,0.0182395119999846,0.0238468539999758,-0.100534270000007,
0.023865232999975,0.0236731619999746,0.038271113999991,0.0156675040000346,-0.109790695999998,
0.0180271820000116,0.0212403049999939,0.0255393110000323,0.0256982349999944,-0.10086883399999,
0.0277464929999951,0.0362593939999788,0.0236637689999889,0.0244095259999813,-0.11999872799999,
0.0161299710000094,0.0221919029999826,0.0192608980000032,0.023747594999988,-0.0854381179999855,
0.022137301000017,0.0180205210000149,0.0204104199999838,0.0221226879999676,-0.110948864000006,
0.018862816000018,0.0343109700000059,0.0288045929999944,0.0237748810000148,-0.0956866790000031,
0.0223111689999851,0.0175824349999957,0.0260789070000237,0.0219655869999933,-0.096301337999992,
0.0254911639999982,0.0212900660000423,0.0234315199999492,0.0218985900000207,-0.110269793999996,
0.0247657519999902,0.0205532719999655,0.0306917080000385,0.0212208490000276,-0.0984484909999765,
0.0123700090000066,0.031244629000018,0.0263549930000199,0.0123700090000066,-0.0896959230000348,
0.0255046359999924,0.0216510069999813,0.0278067789999905,0.0235237169999764,-0.129916785000008,
0.0292275629999594,0.0181705939999638,0.0247353939999848,0.0234163689999577,-0.127492249000028,
0.0316532360000147,0.023484659000007,0.0274839499999789,0.027962921999997,-0.125796410999951,
0.0297497009999943,0.0286430070000169,0.0183673470000094,0.0339912949999889,-0.105461799000028,
0.0240289729999713,0.02419073200002,0.0259174980000034,0.0417059370000043,-0.0899259920000059,
0.0263521370000353,0.022167635999971,0.022167635999971,0.0258962730000221,-0.0999408259999973,
0.0278262500000237,0.0286793180000041,0.0266880560000054,0.0396129179999843,-0.0889684549999902,
0.0255394540000052,0.0221663779999672,0.0288145779999995,0.0196016250000166,-0.108120807,
0.0340800739999895,0.0385892250000197,0.0224126439999845,0.0285249800000083,-0.10565972600001,
0.0318378830000356,0.0231906519999748,0.0285775300000123,0.0232711850000096,-0.0906962149999745,
0.0182287219999916,0.0261743019999885,0.0255000349999937,0.020155100000019,-0.0816430850000243,
0.00652413399997022,0.032127161999998,0.0323162170000069,0.0296252050000185,-0.103646916000036,
0.0289296090000289,0.0238583470000012,0.0241145709999928,0.0214942079999946,-0.106303044000012,
0.0223521249999803,0.0283407900000029,0.0282344640000074,0.0280004600000175,-0.101339537999995,
0.016632180000026,0.0321127600000082,0.0172158550000249,0.0139658760000248,-0.092828459000013,
0.0219333349999897,0.0330621529999789,0.021806967999999,0.024394765,-0.0796128079999653,
0.0115236739999827,0.0235094760000457,0.0286405109999896,0.0188581460000114,-0.0921771879999906,
0.015806789000012,0.0266039620000192,0.0263587300000436,0.0216120679999758,-0.0927637070000264,
0.0218299939999852,0.0229339440000022,0.0148472489999831,0.0321548350000003,-0.0853928709999773,
0.0259958689999667,0.0268296880000216,0.0475316219999859,0.0283836469999733,-0.0987437769999942,
0.030148876000032,0.0208405530000027,0.0287378160000044,0.0380409909999771,-0.112296758999977,
0.0273776580000358,0.0276745370000144,0.0247871799999648,0.0223981589999876,-0.0941728180000373,
0.0117611190000107,0.023989094000005,0.0365460370000083,0.018506220999996,-0.0970365100000263,
0.0288836310000097,0.03433912099999,0.0204000950000036,0.0314910059999984,-0.110143184000005,
0.0251781279999823,0.0335630040000005,0.0300859609999889,0.0114664650000341,-0.100249420000002,
0.0234184759999825,0.0230217540000167,0.0421550310000366,0.0301299089999829,-0.0988982809999716,
0.0214417070000136,0.0194965079999665,0.0209541919999838,0.0306831919999613,-0.0871756309999773,
0.0252390219999879,0.027108544000027,0.020378034999977,0.0265508720000034,-0.0812441360000312,
0.0220129079999779,0.0213658990000022,0.0395277959999767,0.0344332040000036,-0.112812609999956,
0.0336473019999867,0.0345772680000209,0.0336596189999964,0.0217296259999921,-0.128468299999998,
0.0215014539999956,0.0263759720000189,0.0147731269999886,0.0135173759999971,-0.0941780040000294,
0.0453729889999713,0.0223229099999935,0.0299391699999796,0.0229634050000059,-0.0864942789999941,
0.0212761039999741,0.0261923109999971,0.0275296109999754,0.0227134810000071,-0.0987286609999901,
0.0206307430000215,0.0334074350000074,0.0296127699999997,0.0181152770000026,-0.0898485680000067,
0.03989103599995,0.0313070299999699,0.0419916019999691,0.0423919639999722,-0.125135178999986,
0.0315374539999875,0.026775364999984,0.0186935670000394,0.0336906849999732,-0.0827117520000083,
0.0333490369999618,0.0214797190000245,0.0238399380000319,0.0333769610000563,-0.0923309090000112,
0.0240467870000248,0.0262731209999674,0.0237345950000063,0.0259211609999911,-0.0947852300000222,
0.0260736019999958,0.0263286849999986,0.0295115800000158,0.02711969400002,-0.117178313000039,
0.0223260189999937,0.0186033409999809,0.026220164000003,0.024025846000015,-0.0769108359999818,
0.0270181590000093,0.0169579540000177,0.0304348130000153,0.0228781910000134,-0.103703798000033,
0.0167046759999475,0.0120170759999974,0.020803516999973,0.0183605709999865,-0.0898902440000093,
0.0213235570000115,0.0302657739999859,0.0322266279999794,0.0194874260000006,-0.086460366999987,
0.0236020540000018,0.0103421690000259,0.0192264289999812,0.0278576030000049,-0.0821822270000002,
0.0223243420000135,0.0280154200000034,0.0256028270000088,0.0317176389999813,-0.0949273250000097,
0.0370766670000203,0.0316806609999931,0.0198230840000133,0.0198702379999613,-0.0825360539999692,
0.02846457499999,0.0153828439999879,0.0218770480000067,0.0503650100000223,-0.0985757089999806,
0.0288730909999676,0.0186957290000109,0.0256409649999741,0.0177929399999739,-0.113095756000032,
0.0230305669999816,0.0165751399999626,0.0436338060000198,0.0169809200000309,-0.104807133999999,
0.0314958359999864,0.0245287989999679,0.0249579939999594,0.0167049620000271,-0.0937664109999723,
0.0315490159999808,0.0292578440000179,0.0253229279999869,0.024279519000007,-0.106571874999986,
0.0247270589999944,0.0258587130000051,0.0252962059999945,0.0273859890000067,-0.0761605579999987,
0.0264430670000238,0.0262689529999898,0.0196220570000078,0.0121477190000169,-0.080589308000006,
0.0146465519999983,0.0407574970000023,0.0199668590000047,0.0224188609999828,-0.0944865330000448,
0.0255009570000066,0.017659719999976,0.0296970279999896,0.0273080060000493,-0.106404597999994,
0.0181753920000401,0.0167328530000004,0.0336286230000042,0.0220703339999764,-0.0874458349999895,
0.0247211850000185,0.0237743920000275,0.016774102999977,0.0286962789999925,-0.0920851859999921,
0.0233821549999802,0.0107981679999793,0.0373777399999963,0.0266611890000222,-0.117078216999999,
0.0259550580000359,0.0202601259999828,0.0213293650000005,0.0207832400000389,-0.0731602879999882,
0.0205396640000072,0.0204038480000163,0.0181324069999964,0.0248024499999856,-0.0836336169999922,
0.0223851500000064,0.0256255600000004,0.0246697160000185,0.0260487969999713,-0.0993020060000008,
0.0240170270000135,0.0152536459999747,0.0239512099999829,0.0211931179999874,-0.0701983129999726,
0.0259272739999806,0.0306972130000058,0.030267553000007,0.0298461990000133,-0.0847331569999897,
0.022024175000015,0.0257101429999957,0.0188906929999857,0.0258559910000158,-0.0946706590000331,
0.037448415000028,0.0247013130000041,0.0116231460000308,0.0200906349999941,-0.0973005490000032,
0.0244021719999937,0.0252279399999652,0.0210903120000294,0.030781522999996,-0.090951575999984,
0.0191168549999857,0.0295911970000079,0.0179013120000309,0.0248192380000082,-0.0834063970000143,
0.0259219210000238,0.0233162219999731,0.0369763250000078,0.0204533239999791,-0.0969734779999935,
0.0176068369999839,0.0237073849999651,0.01939642000003,0.0214728550000009,-0.0860153340000479,
0.020084892000019,0.0377866190000132,0.0351388610000067,0.0328121360000077,-0.108457631999958,
0.0251526829999793,0.0280904500000042,0.0162379020000144,0.0379043739999734,-0.108449633000027,
0.022439789,0.0195726879999884,0.0210943840000173,0.0218582259999948,-0.0906698540000088,
0.0206832229999955,0.0220649950000116,0.0263404410000021,0.0210560249999944,-0.0987447449999836,
0.0246008070000435,0.0161905839999581,0.0252088949999979,0.0229349929999889,-0.0951509309999819,
0.0199173619999738,0.0375432400000009,0.0168080230000423,0.0249547469999925,-0.102931372999995,
0.0281323700000239,0.0225364290000134,0.0209949940000224,0.0281152480000146,-0.0941668900000213,
0.019382053999946,0.0226548559999983,0.0209989209999949,0.02115755300002,-0.0951457700000201,
0.0253202589999964,0.0218418070000016,0.015402076000013,0.0183047069999939,-0.0968846830000257,
0.0196004900000089,0.0289160570000095,0.0359907080000012,0.0263412939999871,-0.104600984000024,
0.0171137619999845,0.0200818299999901,0.0258936280000062,0.0207440469999701,-0.0922320960000197,
0.0197527399999817,0.0253594070000054,0.0203914730000142,0.017585826999989,-0.0715148639999688,
0.020788410000011,0.0267088310000045,0.0357049800000295,0.0251149619999705,-0.102278513000006,
0.0166919359999629,0.0166919359999629,0.0253876190000083,0.0301966059999932,-0.10820831899999,
0.0232218910000402,0.0152864520000076,0.0182309300000234,0.0173224999999793,-0.0870280099999991,
0.0228204079999787,0.0310243709999604,0.0171141979999911,0.0187101750000356,-0.109999521999989,
0.0330169730000043,0.0256070269999927,0.0205790729999862,0.0254089020000165,-0.100619249999982,
0.0251227059999919,0.0349401520000019,0.0215020129999903,0.0171240949999983,-0.0784738299999999,
0.0326752069999848,0.0179401910000151,0.0264290539999984,0.0386220239999693,-0.093370859000006,
0.0188832450000273,0.0274161719999884,0.0275496020000019,0.0256517279999862,-0.120644259000039,
0.0204419980000594,0.0265145599999869,0.0143016010000338,0.0220120329999927,-0.100216999999994,
0.0269603579999766,0.0212676709999896,0.0195203650000421,0.0222358319999903,-0.0948330699999869,
0.0237785729999705,0.0168743320000012,0.0192148970000053,0.0176366149999958,-0.0877167560000071,
0.0410713170000108,0.0288906569999954,0.0252984389999801,0.0243388609999647,-0.0804507390000272,
0.0207287040000101,0.0381803389999923,0.0445404510000226,0.0277653539999983,-0.109971944000004,
0.0127701989999841,0.0358369109999921,0.0270451659999871,0.025146087999984,-0.117417781000006,
0.023035333000038,0.0167403470000008,0.0217054580000195,0.022916112000019,-0.106323837000041,
0.0282496609999998,0.0227518259999806,0.0126618520000129,0.0269544359999936,-0.0767462210000258,
0.0216036670000021,0.0342035710000191,0.0266618090000338,0.0224381689999827,-0.107437776000001,
0.0242925509999804,0.0108850459999794,0.0189852479999836,0.0278727410000147,-0.12104705799999,
0.0260686540000124,0.0295394399999996,0.0260663940000131,0.0256412700000546,-0.105917896000014,
0.0187641790000189,0.0202883529999981,0.0254512620000078,0.0199304390000079,-0.0811321650000427,
0.0273864969999831,0.0286542889999691,0.0263038960000004,0.0282775299999985,-0.117936923000025,
0.0238823270000057,0.0207221880000088,0.023767170999985,0.0142580510000198,-0.106766546999997,
0.020163214999965,0.0224255669999939,0.0217161149999956,0.022328635000028,-0.0961878199999646,
0.0344008580000127,0.0243742440000096,0.0285434630000091,0.0258433860000023,-0.12927964400002,
0.0250318210000187,0.0232992660000073,0.0224798199999905,0.0183070119999902,-0.0964148570000207,
0.0226042240000024,0.0220361770000418,0.0124214920000059,0.020737613999996,-0.0927901259999881,
0.0292188910000004,0.0363526009999805,0.0106767629999986,0.0289637659999908,-0.102748034999991,
0.028056394000002,0.0138633310000041,0.0207921439999909,0.023488448000011,-0.106594834,
0.0455292749999826,0.0350290169999971,0.0286571879999701,0.0350290169999971,-0.114030092000003,
0.0328601560000006,0.021615995999975,0.0275825580000146,0.0122142660000281,-0.082223780999987,
0.0306062339999944,0.0205368120000148,0.0214649860000427,0.0187879900000153,-0.100485133,
0.0149076540000297,0.0179774059999954,0.0282724269999708,0.0243500489999869,-0.0988235599999807,
0.0186434429999772,0.0294147029999795,0.0243197220000384,0.0224761220000064,-0.101196233999962,
0.018979837000009,0.0359897680000113,0.0220724730000011,0.0278445140000285,-0.0886708570000201,
0.027584587999967,0.0133809770000189,0.0241185980000309,0.022482580999962,-0.109097052000004,
0.0289605550000188,0.0097476630000092,0.0236935040000408,0.0353574309999749,-0.115001973999979,
0.0259018410000235,0.0293320000000231,0.0147821510000031,0.0198872280000269,-0.121965312999973,
0.0275887980000107,0.0275385870000046,0.0306715550000154,0.0199317329999703,-0.123009964999998,
0.0242777970000061,0.0294329360000283,0.0300590469999815,0.00686940599998707,-0.105980029999988,
0.0172794690000337,0.0168280620000078,0.0122150489999985,0.0206606839999695,-0.0953697559999573,
0.0388044229999496,0.0414587250000031,0.0339642430000113,0.0220269710000184,-0.103999966000001,
0.0124183389999889,0.0223809369999772,0.0281873830000195,0.0347602979999811,-0.112587618000006,
0.0198667469999364,0.019470524000003,0.0147516140000043,0.0328304239999743,-0.0934121439999862,
0.0279855929999994,0.019634201999992,0.0193859229999998,0.0298811549999891,-0.110809727000003,
0.0264256469999655,0.0269512750000067,0.016989548999989,0.0242347780000027,-0.105934272999995,
0.0310399039999838,0.0179501099999652,0.0279373679999753,0.0264314310000054,-0.101680245000007,
0.0243486099999936,0.0323856650000071,0.0245373449999761,0.0136891830000113,-0.0876061179999906,
0.0269846719999969,0.0258854320000255,0.0199611419999937,0.0281154419999984,-0.116573617000001,
0.0211519609999914,0.0240325620000422,0.0280756269999929,0.018894999000011,-0.104092849000038,
0.0293523360000072,0.02746639400002,0.019464208999987,0.0251594080000077,-0.122626391000027,
0.018287692000009,0.0246667780000043,0.0183103800000044,0.0127723449999849,-0.0859716769999923,
0.0228898740000195,0.0222566190000125,0.0291658409999754,0.0267749879999974,-0.104740995000007,
0.0232815649999884,0.0277936119999686,0.0260250420000102,0.0231691560000081,-0.0922778269999872,
0.0217772360000326,0.0135123609999846,0.0255907460000089,0.026303027999993,-0.0955971159999763,
0.0161191400000253,0.0254664710000143,0.0318061559999796,0.0281036070000127,-0.0767228149999983,
0.0259938399999855,0.0134631710000358,0.0386911299999738,0.0352716869999958,-0.122624119,
0.0217553269999835,0.029298845000003,0.0239650520000414,0.0287806110000265,-0.112174490000001,
0.0240597259999895,0.0313014610000082,0.0331171070000128,0.0229537690000143,-0.111054012000022,
0.0271592209999972,0.0231151599999775,0.0281760040000199,0.023826807000024,-0.0959163329999883,
0.0208867919999857,0.0243442049999821,0.0229847700000064,0.0189994540000225,-0.124023916999971,
0.0253138159999826,0.0137613509999655,0.0230016109999833,0.0301680559999877,-0.0982840569999844,
0.0369199620000372,0.026296002000011,0.0190660960000287,0.0197711770000187,-0.0780748029999968,
0.0283173109999834,0.0197182479999956,0.0197182479999956,0.0205457540000016,-0.119474852999962,
0.0278206249999839,0.0205167190000084,0.0263267860000142,0.0178010590000067,-0.0897101830000111,
0.0198947009999602,0.0297501010000105,0.0199607950000018,0.017334693999991,-0.107982586000021,
0.0253496489999843,0.0304114020000143,0.0278737939999928,0.0205710909999543,-0.114952927000009,
0.023071844999984,0.0236668739999841,0.0363262029999896,0.0183490080000074,-0.11011847200002,
0.0258717209999832,0.0296199489999726,0.0301454870000052,0.0172994390000131,-0.101594911999963,
0.0315167839999849,0.0146200350000008,0.0275529010000155,0.0251838300000363,-0.116406020999984,
0.0252765279999812,0.0200653240000147,0.0295456149999691,0.0214629960000057,-0.09546084899998,
0.0217182319999611,0.0217989979999838,0.0263042769999875,0.0256672119999657,-0.0906632380000065,
0.0141751070000228,0.0215540439999741,0.0215540439999741,0.0222413649999799,-0.096823775999972,
0.027919891000025,0.0279467360000317,0.0252469510000383,0.0243072870000015,-0.10500474799999,
0.0218500699999822,0.0281728079999912,0.0217604630000051,0.0218938150000049,-0.127239291000012,
0.0322813869999973,0.0361662220000089,0.03124799300001,0.0265249249999633,-0.121539319000016,
0.0229468470000302,0.0199418379999879,0.0236170869999769,0.0258209290000113,-0.102038455000001,
0.0245142179999948,0.0193222269999687,0.0210121920000247,0.0197355829999833,-0.103850729000013,
0.0115866159999832,0.0202109169999767,0.0248599560000202,0.0166640520000101,-0.0788946510000096,
0.0225154820000171,0.036507329,0.023196499000007,0.0270840600000101,-0.0765894000000053,
0.0217191369999746,0.0156862059999603,0.0236717349999908,0.0132052219999887,-0.0897283230000039,
0.00989929799999027,0.0229395770000347,0.0288464099999901,0.029225292000031,-0.0838131019999782,
0.0264280049999852,0.0288365669999594,0.0203660309999405,0.0271298060000208,-0.101577505000007,
0.0226045960000256,0.0278138819999767,0.0232044910000013,0.0264636319999699,-0.142862030000035,
0.0258598989999964,0.0324091999999882,0.0373616789999523,0.0245896649999886,-0.0968632779999834,
0.0222174459999733,0.0207544020000159,0.0266010339999712,0.0136803429999918,-0.096919861999987,
0.0224541640000143,0.0135711300000203,0.0209527510000335,0.0288700649999791,-0.137885274999971,
0.0182255010000054,0.0269359669999958,0.0224073370000251,0.0232713759999906,-0.084475152999973,
0.0189783830000088,0.0300683309999595,0.0227923659999851,0.0324266739999648,-0.112294745000011,
0.0289626870000211,0.0151663549999948,0.0278235239999813,0.0289479280000151,-0.111822506000029,
0.0295777939999562,0.0299293500000076,0.0351107259999762,0.0215999829999882,-0.0924017050000048,
0.0112251600000072,0.0220036900000023,0.0251411680000283,0.0365543050000015,-0.10537262899999,
0.0224443370000108,0.0253448830000007,0.0254028630000212,0.0229135090000182,-0.115411567999991,
0.0252099180000068,0.0255810940000374,0.0255810940000374,0.0377177879999745,-0.119238561999985,
0.0150535809999919,0.034127150000023,0.0210488369999939,0.0260312709999926,-0.104936782000011,
0.0176374659999874,0.0189976450000204,0.0393932030000005,0.025523887999997,-0.0980741230000158,
0.0283438959999685,0.0341977059999854,0.0269203009999965,0.0298043589999843,-0.111826626000012,
0.0239559869999948,0.0191698689999903,0.0188147310000022,0.0239990860000125,-0.0921641579999805,
0.0171251900000216,0.0282381570000089,0.0215119740000137,0.0355436540000119,-0.110977760000002,
0.027758744999991,0.0372876230000084,0.0234640549999767,0.0288408269999918,-0.101734070000004,
0.0286961430000183,0.0307591049999883,0.0288190029999814,0.00827081700002145,-0.100219058000015,
0.024782943000032,0.0196093319999727,0.0199893969999848,0.0235965159999851,-0.0937193099999713,
0.0303544809999812,0.0256499130000338,0.0346375219999909,0.0212504650000183,-0.111114648999967,
0.0332438759999841,0.0269770190000272,0.0184343860000281,0.0179874789999976,-0.0966921080000056,
0.0192915830000147,0.0216702929999901,0.0384585929999839,0.0384585929999839,-0.114552772000006,
0.0253771510000061,0.0333854650000167,0.02713047799998,0.0220359429999799,-0.106883437999995,
0.0192867120000074,0.0138323600000185,0.0243922729999767,0.0297523869999841,-0.0875482050000273,
0.0231704750000708,0.0268182279999919,0.0283093579999695,0.0212192489999916,-0.0930470099999966,
0.0150687709999875,0.0161030489999757,0.0359103419999637,0.029207351,-0.0938256139999767,
0.0317283800000214,0.024809127999979,0.0455471420000167,0.027115224000011,-0.103509555000019,
0.0407836269999989,0.0326929580000024,0.019651170999995,0.040400638999984,-0.123064965000019,
0.0142502550000163,0.0293324890000013,0.0379613040000031,0.0236095879999775,-0.107606599999981,
0.0261852970000127,0.0194394579999971,0.0364979680000006,0.0298401970000114,-0.105303226000024,
0.0243870540000107,0.0230694650000059,0.0140292989999925,0.0197990119999949,-0.0975551959999984,
0.0323155219999699,0.0273659739999812,0.0248131680000024,0.0268923810000006,-0.0979260770000265,
0.0135369129999835,0.0327376170000043,0.0312806339999861,0.0191865960000096,-0.100959815999999,
0.0156827800000247,0.0274487569999937,0.021562034999999,0.0286160209999962,-0.0958432429999739,
0.0223120950000102,0.0267663059999904,0.0174967240000151,0.027306884999969,-0.114729449999991,
0.0194866630000306,0.0184481930000165,0.0241375680000283,0.0182341249999627,-0.0747912780000106,
0.0257418999999873,0.0310665120000131,0.0336645369999978,0.0230742610000179,-0.147516782000002,
0.0299603539999898,0.0339970660000081,0.0296120320000055,0.0255271769999945,-0.118221524000008,
0.0377205790000162,0.0362643320000188,0.0303295449999932,0.032017738000025,-0.114253826999981,
0.0395101429999822,0.0301800099999873,0.0180747889999793,0.0279323370000066,-0.12077827600004,
0.025358777000004,0.0264565560000419,0.0290919379999559,0.0299588279999907,-0.09988535399999,
0.0292989000000134,0.0192086899999931,0.0187132859999783,0.0204798480000272,-0.0818141970000188,
0.0304565289999973,0.0160279649999775,0.0271447370000151,0.0242135730000045,-0.107242516000027,
0.031473565000013,0.0224234910000068,0.0359409909999613,0.0249065639999999,-0.102363981999995,
0.0183599309999963,0.0206684770000074,0.0233964280000209,0.0236792810000106,-0.0861203119999845,
0.0333290459999362,0.021343643999985,0.0352988309999882,0.0268728629999741,-0.100170687000018,
0.0120552709999911,0.0203050669999784,0.0312900469999786,0.0264384289999998,-0.103386577999971,
0.0215357689999892,0.0327746549999938,0.0231295739999887,0.0303903079999918,-0.0874469739999758,
0.0260208430000121,0.0146395160000084,0.0276077550000036,0.0243290050000414,-0.109726076999965,
0.0197344169999824,0.0190987599999999,0.0218822559999999,0.0278722840000128,-0.118394759999993,
0.0301336349999765,0.0292458700000025,0.0362350039999847,0.00963643499999489,-0.108798775999975,
0.0364856339999787,0.0290863159999826,0.0189220730000279,0.0307806739999605,-0.0858204379999624,
0.0218624950000249,0.0400275299999712,0.0215197150000313,0.0288859799999782,-0.121902399000025,
0.0229105919999865,0.0220264739999793,0.0274782149999883,0.0143901659999783,-0.084667863000017,
0.0272499390000148,0.026941143,0.0211370990000169,0.0160293090000259,-0.0983465699999879,
0.0300784699999813,0.03216738299999,0.0238965300000118,0.0200700619999971,-0.10325650800002,
0.036456495999998,0.0236576890000042,0.0319805409999981,0.0240712979999698,-0.134287794999996,
0.0267714580000147,0.0183144840000032,0.0238703780000005,0.0269746320000131,-0.0932979249999944,
0.020399849000004,0.020399849000004,0.0331521790000024,0.0201241329999893,-0.125930355999997,
0.0135349320000105,0.0251202819999899,0.0168177549999764,0.0221859490000061,-0.125783762999979,
0.0230281280000108,0.0178370409999707,0.0281554090000209,0.023499990999996,-0.110851397999982,
0.0225535179999824,0.017958201000014,0.0240744019999893,0.0259638280000008,-0.0988703769999929,
0.0183335870000092,0.0264013230000255,0.0174432559999732,0.0230510980000154,-0.0781241270000028,
0.0209502570000277,0.0181063240000003,0.0284983750000174,0.0289159949999703,-0.0896034449999934,
0.0249519379999829,0.0168249059999971,0.0365706839999984,0.0304854740000274,-0.0992132039999915,
0.0142643439999965,0.0188313370000142,0.0223965659999758,0.0226414419999901,-0.0848445520000278,
0.0212715410000128,0.0301653650000198,0.0243453849999705,0.0196059759999716,-0.0842339359999942,
0.0227501270000002,0.019690044000029,0.0135982779999813,0.0272723249999881,-0.0961851000000288,
0.0216991950000029,0.0227448749999985,0.0267151150000163,0.0297459309999767,-0.10528662799999,
0.0193021659999822,0.025671577999995,0.0242458280000255,0.0175966410000146,-0.0987132830000483,
0.0202834510000202,0.0210684700000011,0.0151689459999907,0.0212914049999908,-0.116005585999987,
0.0268679729999994,0.0188876329999775,0.0222372669999659,0.016127056999997,-0.113724235000005,
0.0202234350000172,0.0139893410000195,0.0211339580000276,0.0315057120000174,-0.116857590000001,
0.0176929409999884,0.035978352999995,0.0190354130000078,0.0226197200000224,-0.0911464919999826,
0.0192967720000215,0.0241688680000025,0.0368795339999961,0.036143068999987,-0.0737382800000323,
0.0168369819999943,0.0183392610000092,0.0350453929999994,0.0249934219999877,-0.0965102340000121,
0.0194001659999913,0.0208169029999954,0.0208174229999804,0.0249109450000196,-0.0868345979999713,
0.0251295470000077,0.0201914610000085,0.0258182149999948,0.0279317669999873,-0.0923271929999992,
0.0183227199999956,0.0258916439999894,0.0367522700000009,0.0251755299999832,-0.0946789080000253,
0.0216885280000124,0.026483314999984,0.0289076320000104,0.0194648040000156,-0.106811018000019,
0.0313756719999928,0.0163109460000242,0.0203090110000112,0.0201721619999862,-0.0863542530000004,
0.0241678620000039,0.0226549089999917,0.0145611560000016,0.0307910029999848,-0.0890798549999681,
0.0202819619999918,0.0263112909999854,0.0158799950000248,0.0328924479999878,-0.0805262599999624,
0.0175163789999824,0.0284741269999649,0.0224922980000083,0.0222692310000029,-0.111270270000004,
0.025710772999978,0.0439965259999944,0.0188227029999698,0.017528615000002,-0.108220123999981,
0.0328689269999959,0.0176779170000091,0.0299855049999878,0.0213604709999854,-0.116096566000004,
0.0255090340000197,0.0201168690000104,0.0380291219999999,0.0155671400000147,-0.105765988000019,
0.0257463689999986,0.0258403449999723,0.0288614259999758,0.0233280459999669,-0.131661493999975,
0.0223368599999758,0.024793324999986,0.0254566310000264,0.0244322789999878,-0.11096491200001,
0.0221011850000277,0.0286933749999989,0.0179054169999836,0.0275814190000201,-0.0978827229999733,
0.0214988680000006,0.0207727139999988,0.0266288910000094,0.0276034729999938,-0.0830796089999594,
0.0239505040000058,0.0214209160000219,0.0192833040000269,0.0173881239999982,-0.121582814000012,
0.0228301090000041,0.0306121050000102,0.0240620620000082,0.0196013210000056,-0.096688734000023,
0.0208992170000402,0.00887196999998287,0.0240334750000002,0.0209618600000076,-0.101058044000008,
0.0352222170000186,0.0203295810000063,0.0254003570000132,0.0380190890000185,-0.140457921000002,
0.0164605640000118,0.0291306580000073,0.0327557419999921,0.0164605640000118,-0.112844460999986,
0.0300023889999875,0.0214073649999937,0.0250485209999997,0.0183038729999871,-0.0907925939999723,
0.0208960369999768,0.0277752070000215,0.0440415639999719,0.0289985500000221,-0.107229019000002,
0.0211676449999868,0.028532770999992,0.0270182409999816,0.017897446000009,-0.0993197759999848,
0.0179812870000424,0.0276344499999814,0.0164454099999866,0.0307845230000012,-0.100878594000023,
0.03325702800001,0.0247298180000125,0.0334405480000041,0.030768396000004,-0.122551589999998,
0.0333106270000017,0.0299417819999981,0.0220139440000139,0.0290400730000101,-0.0966157479999756,
0.0313230209999801,0.0199946949999949,0.0205599029999985,0.0278162799999518,-0.108066812000006,
0.0224232879999972,0.0207361869999959,0.0244378920000354,0.0221595789999501,-0.088321526999971,
0.0346523310000184,0.0223592679999838,0.026927725999989,0.0177541579999843,-0.101635540999997,
0.0277200180000218,0.017022230999999,0.0212219860000032,0.0262405489999855,-0.0942731669999785,
0.0315893479999741,0.0276254079999799,0.0328134379999647,0.0273113900000089,-0.0988413860000046,
0.0236707379999743,0.0249464730000009,0.0357975700000097,0.0266124889999819,-0.0975778809999765,
0.0254403600000396,0.0210532749999838,0.0125419459999684,0.0249224910000094,-0.0740996359999854,
0.0248684969999977,0.0150457639999904,0.0249501790000049,0.0162655280000017,-0.0766562049999766,
0.0304504239999969,0.0162910470000079,0.0326331589999982,0.0144667220000129,-0.102970291000004,
0.0286879749999916,0.013397296999985,0.0224630930000112,0.0189971460000352,-0.0762553110000181,
0.0213689049999612,0.0190168639999865,0.0403363959999724,0.0268566009999786,-0.10053678099997,
0.0172784040000097,0.0233504130000074,0.018245240999986,0.025053281999948,-0.122470880999981,
0.0170207079999955,0.0355169259999893,0.029017052000002,0.0191732099999999,-0.0950098240000152,
0.0274593419999956,0.0341375969999863,0.0231850789999799,0.0205925139999763,-0.120293615000025,
0.024526794999987,0.0203986589999886,0.0388973720000222,0.00733050300000377,-0.0852389699999876,
0.0243179480000217,0.0148388270000141,0.0261637590000082,0.0168924140000163,-0.0776168610000614,
0.0188652230000007,0.0199300739999908,0.0214281739999942,0.0255469419999772,-0.0924941569999683,
0.0263420079999905,0.0320170300000154,0.0342709560000048,0.0151063520000116,-0.0781141710000074,
0.0325830390000074,0.0363187519999783,0.0196101780000117,0.0313700789999966,-0.114577760000017,
0.0253251250000058,0.0206552160000074,0.0194727509999939,0.0217768869999663,-0.101075380000033,
0.0289551220000012,0.0349172489999937,0.0420988849999958,0.0406827019999801,-0.108168950000011,
0.0256804300000076,0.0161843839999901,0.0314872509999559,0.0221510859999844,-0.115103116000035,
0.0256610940000028,0.0223580619999775,0.0281064569999862,0.0162034369999928,-0.064794150999981,
0.0284352250000147,0.0227506839999842,0.0157784410000277,0.0263642279999749,-0.119584506,
0.0323225400000183,0.0335382189999855,0.0265638559999907,0.0121571529999892,-0.096166799999989,
0.0147637979999854,0.0236163069999911,0.0334784619999982,0.0141631749999697,-0.0789423430000106,
0.0174118440000002,0.0275548050000098,0.0135635259999854,0.0296003799999926,-0.0862706550000248,
0.0330336039999575,0.0245970139999981,0.0207036550000221,0.0302394040000081,-0.100925399999983,
0.022368606,0.0281862570000076,0.0310548930000332,0.0147822369999749,-0.0873631460000151,
0.0254272759999931,0.0229807640000454,0.010148311999993,0.0212831140000271,-0.0763094469999651,
0.023504050000035,0.0187071339999975,0.0307920889999705,0.028330744000019,-0.110743449000001,
0.0267009669999798,0.0366191820000104,0.0206954420000275,0.0368302479999729,-0.100033135000002,
0.0165309509999915,0.0237435049999985,0.0214793529999997,0.018299607999993,-0.0811346809999968,
0.0192059760000284,0.0345216820000087,0.0280292169999884,0.025109042000011,-0.0942383700000191,
0.0279730750000081,0.0188513380000068,0.0240168060000333,0.0250783699999974,-0.110681497000002,
0.0287092300000113,0.0330124990000049,0.0189226159999553,0.0263632720000087,-0.087365166000016,
0.0256375420000459,0.0201952239999982,0.0387785260000192,0.0224412940000102,-0.108740059999995,
0.033231370999998,0.0314481729999743,0.0321690909999961,0.0281328960000137,-0.0976137330000247,
0.0244145260000223,0.0207730360000087,0.0194462339999818,0.0168479369999723,-0.086257278000031,
0.0136387940000004,0.0175361349999748,0.0175109069999926,0.0233173569999763,-0.0996921869999978,
0.0272137640000219,0.0271617840000363,0.0395223210000386,0.0294217880000051,-0.13573393699998,
0.0325955390000063,0.0284211960000121,0.0310173400000131,0.02901699500005,-0.0847541450000208,
0.0320277399999895,0.0265342070000015,0.0235376949999472,0.0268127180000001,-0.0890044920000128,
0.0345009929999715,0.0300852920000361,0.0205985559999972,0.0212328580000112,-0.0933843519999573,
0.0279244019999896,0.0277320089999839,0.0175099569999802,0.0257432970000064,-0.112426146000001,
0.0237964460000267,0.0331410500000193,0.0202100669999763,0.0287889589999841,-0.0840886010000213,
0.0111364320000166,0.0204018019999939,0.0293127919999979,0.015825000000038,-0.0830914769999536,
0.0376825610000196,0.0260344129999958,0.0211862209999972,0.0168171360000115,-0.0725483549999981,
0.0159435019999728,0.0321224530000027,0.0170143650000218,0.0179290130000109,-0.0958509009999489,
0.0292447520000251,0.0211334499999839,0.023979167000025,0.0161668959999761,-0.0972512350000043,
0.0252023260000124,0.0161823100000038,0.0337350280000355,0.0216812120000395,-0.110629850000023,
0.0183887319999858,0.0165956029999934,0.0165943129999596,0.0165943129999596,-0.0793781640000107,
0.0173876650000284,0.0202865569999994,0.0253687959999916,0.0253687959999916,-0.0780275290000172,
0.0309209769999788,0.031207389000042,0.0242198490000328,0.0332890460000199,-0.0928564220000071,
0.0224548719999875,0.0324762370000089,0.0142713699999822,0.0248829180000102,-0.103313241000001,
0.0311655120000087,0.0178469310000173,0.0268313800000087,0.0273305050000035,-0.0980028039999988,
0.0259294799999889,0.0321182690000214,0.0293889779999699,0.0211590649999807,-0.119038490999987,
0.0230934250000255,0.0212279310000067,0.0236816339999732,0.0297192719999985,-0.114832533999984,
0.0385188469999885,0.0203260819999959,0.0272589419999867,0.0342605540000022,-0.121401909000012,
0.0190437789999723,0.0134184540000015,0.0193758299999718,0.0237991920000195,-0.0783857619999917,
0.0407049779999788,0.0356942920000174,0.0300319290000316,0.0276222109999972,-0.127895675000002,
0.0297716509999773,0.0190175909999771,0.0313436359999978,0.0208922370000073,-0.149127087000003,
0.0233275929999836,0.0276581980000183,0.0269932390000249,0.0283234450000173,-0.0908112380000193,
0.0381022200000189,0.030128615999969,0.0273806739999854,0.0230509530000154,-0.116521539999992,
0.0216761530000022,0.0116695299999892,0.0261228540000084,0.0307529820000254,-0.0953554280000235,
0.0302277610000119,0.0154212440000047,0.0245859220000166,0.0226750059999831,-0.0997205350000022,
0.0248781630000303,0.0239473770000086,0.0316971520000034,0.028206699000003,-0.0986579050000119,
0.0296562930000155,0.0234174830000156,0.0195255299999326,0.0308889169999957,-0.124678760000008,
0.0247899569999963,0.0377386959999903,0.0336580770000501,0.0185330469999617,-0.0894978699999883,
0.0336680159999742,0.0269431880000329,0.0209757150000114,0.0258387779999857,-0.0925737810000173,
0.0260256719999825,0.0278254190000016,0.0374951939999683,0.0195216009999767,-0.0964680820000294,
0.0245278079999616,0.0215083549999817,0.019547034000012,0.0242345119999582,-0.082783991000013,
0.0241390150000061,0.0177453569999934,0.0194486780000243,0.0239957459999969,-0.108897827999979,
0.0246243259999583,0.0335140549999951,0.0220109989999764,0.020821986999953,-0.119524454000017,
0.0372598880000023,0.0223910900000019,0.0240896770000127,0.0244408989999965,-0.106808650000008,
0.0266966479999955,0.0315362279999763,0.0236531209999839,0.0293465100000203,-0.101599894000016,
0.0218273879999733,0.0250206499999758,0.0166881639999829,0.0307753350000357,-0.0961922669999849,
0.0193674859999783,0.0167445080000025,0.0208902400000188,0.0228976399999965,-0.0823122789999879,
0.0275382399999862,0.0198427930000134,0.0222046069999851,0.0113636820000002,-0.105822350000019,
0.0245082980000225,0.0309141050000198,0.0340526220000047,0.023564298999996,-0.120480787000015,
0.0226895409999806,0.0376194010000118,0.0311241179999979,0.0287399590000268,-0.0789336520000197,
0.0289110369999944,0.018152992999987,0.0215206009999729,0.0232608189999664,-0.106439625000035,
0.0121340899999859,0.0201330460000218,0.0318553010000123,0.027907036999989,-0.0952355610000377,
0.0273117890000149,0.0294131110000335,0.00879635999999755,0.0149212339999958,-0.115511383999999,
0.0245397340000291,0.0228990259999782,0.0195127919999841,0.0164151929999953,-0.0750327349999634,
0.0279467519999898,0.0125873760000095,0.0308477529999946,0.0220075949999909,-0.0983903460000129,
0.0287239839999947,0.0351155970000173,0.0270310830000035,0.0196233519999842,-0.092922480999986,
0.0200628330000018,0.0299523019999815,0.0247377559999713,0.0175624479999769,-0.103422857999999,
0.0253705909999953,0.0280796149999824,0.0205937229999845,0.0236703330000109,-0.100894166000016,
0.0302540070000268,0.0219832359999882,0.0152908159999761,0.0263573160000024,-0.100137436999989,
0.0226183479999991,0.0191129770000216,0.0245580750000345,0.0145970630000184,-0.0907764840000155,
0.0228482100000201,0.017492545999984,0.0214632589999892,0.0155652039999741,-0.102205711999996,
0.0182702729999874,0.0246730310000175,0.0151100300000335,0.0202226220000084,-0.0972973800000145,
0.0274806359999757,0.0262206119999928,0.0153460420000065,0.0249802679999984,-0.105002027999981,
0.0353547440000157,0.0253708769999821,0.0185162290000135,0.0254157810000324,-0.0924576110000089,
0.0279998509999905,0.0385809650000201,0.0262536000000073,0.0235594379999975,-0.11967686299999,
0.0275869669999956,0.0328119519999955,0.0267723660000283,0.0307020509999957,-0.0952362290000301,
0.0179857920000104,0.0331106969999919,0.0329892440000094,0.038334666000017,-0.11402061000004,
0.0211199719999931,0.0183333070000208,0.026522948999982,0.0275295150000338,-0.0963831950000049,
0.0255166510000281,0.0456640999999872,0.0193292230000125,0.027403175000004,-0.134502411999987,
0.0226122769999638,0.0283740480000024,0.0232037039999695,0.0266858659999943,-0.0748887000000132,
0.0363068250000069,0.0286282950000204,0.0150284340000053,0.0314934019999946,-0.123808182000051,
0.0177362400000402,0.0198737729999875,0.0152817339999792,0.0139256019999875,-0.0891381910000182,
0.0165850580000115,0.017617300999992,0.029094468999996,0.0212036679999937,-0.0947818860000088,
0.0236161199999988,0.0269770010000429,0.0179390800000083,0.0155666739999851,-0.0932550189999911,
0.0224587060000204,0.0213367739999867,0.0365534210000051,0.0297559320000164,-0.0819462019999792,
0.0177841900000303,0.0146254030000109,0.0283129509999862,0.0239408080000012,-0.0990054199999686,
0.0244642959999856,0.0277769810000073,0.0293240540000024,0.0282872919999845,-0.10682419600001,
0.029590160000027,0.0312076139999999,0.0297723840000235,0.0206365340000084,-0.0916457099999934,
0.0231472490000051,0.02263913400003,0.0227618260000063,0.0244837619999562,-0.105339358,
0.0248267910000077,0.0155210369999786,0.0148220389999833,0.0328856019999957,-0.117901345000008,
0.0219171119999874,0.0195159340000273,0.0203716380000114,0.0174181189999845,-0.0894094479999703,
0.0253416969999698,0.0214010999999973,0.0260321520000325,0.025018608999997,-0.123465242999982,
0.0307655629999799,0.0230141739999699,0.0274559540000046,0.0217206370000167,-0.0755649969999695,
0.0288763160000035,0.0215672979999872,0.0189818790000108,0.0252194590000081,-0.0778229129999845,
0.015743549000018,0.0263277840000219,0.0212527499999778,0.0233411370000058,-0.101091658999997,
0.0218679230000107,0.0212810159999999,0.0202749409999942,0.0298952149999768,-0.122262038999989,
0.0102028520000022,0.0208462779999936,0.0254356700000099,0.00983755300003577,-0.0831778890000096,
0.0257598590000107,0.0330002839999743,0.0230906850000001,0.0264500730000054,-0.104508809999981,
0.0389253479999952,0.0215170070000149,0.0222708759999887,0.0324121730000161,-0.101132784999976,
0.0201222810000045,0.0337495010000312,0.0267238439999819,0.0238759380000074,-0.0696834779999936,
0.0225279300000193,0.0244017740000463,0.0232344600000206,0.0222338899999886,-0.0940632509999768,
0.021799517999998,0.0307401060000066,0.0257078139999985,0.0263920909999979,-0.129310763,
0.0258447410000099,0.0160925109999926,0.0240537429999686,0.0234029489999975,-0.076000502999982,
0.0293789140000245,0.0309950159999898,0.0278315799999873,0.0164210939999894,-0.0985329229999734,
0.0309113249999855,0.0409501780000155,0.0237086819999877,0.0286135270000013,-0.102914999999989,
0.0252947950000207,0.0274665519999771,0.0197837590000081,0.0246434960000051,-0.090660320999983,
0.0293672349999861,0.0222030320000167,0.0241426289999845,0.0183174150000013,-0.105114156000007,
0.0336576339999956,0.0207730010000041,0.0243174189999627,0.0239224330000252,-0.107996721000001,
0.0285990890000012,0.0342218009999924,0.0278400789999841,0.0303478799999766,-0.106978391000024,
0.0372798429999757,0.0285885490000182,0.0258652649999849,0.0395025500000038,-0.110136591000002,
0.0197594490000056,0.0233615269999746,0.0213494550000041,0.0191302130000149,-0.106184729000012,
0.0334019880000042,0.0267308709999852,0.0184323260000001,0.0191264040000369,-0.106650005999994,
0.0278058200000041,0.0244133929999844,0.0272496600000077,0.020589522000012,-0.120833787000006,
0.0260056449999902,0.027184132999997,0.0301845460000095,0.0118753279999646,-0.100335458000016,
0.0292116039999828,0.0232396619999845,0.0290454799999661,0.0311593840000241,-0.0815181840000296,
0.0366832849999928,0.0380761179999918,0.0310244359999888,0.0229934349999894,-0.101893827999989,
0.0257628130000139,0.0155670409999902,0.0292484859999895,0.0218793559999685,-0.103110841000017,
0.0138499740000216,0.0414992660000335,0.0239078720000025,0.0271299590000108,-0.0927799450000284,
0.0249735790000095,0.032843120000005,0.0369128109999629,0.0174619100000127,-0.0928466310000031,
0.0308761939999913,0.0193652660000107,0.0273122079999994,0.0271321250000074,-0.108174230999955,
0.0300898459999889,0.0288463579999798,0.0229101179999934,0.0386152469999924,-0.117676812000038,
0.020939397999995,0.0189830020000054,0.0268137040000202,0.0227161550000201,-0.101792931999967,
0.0300099289999916,0.0287857309999981,0.0298604270000324,0.0212583059999779,-0.101695966999978,
0.0275357640000511,0.0271869190000352,0.0201298679999973,0.026362407000016,-0.0972451450000071,
0.0251318980000033,0.028219395999984,0.0149159329999984,0.0268235550000127,-0.0942891530000079,
0.0257574530000129,0.0207511960000265,0.0206325469999792,0.0321913579999737,-0.109271272999999,
0.0361348589999725,0.0234872799999876,0.0240916860000316,0.0243253770000038,-0.0817118010000231,
0.0288464809999932,0.0219581090000129,0.0146130989999874,0.0260259460000107,-0.116097078000021,
0.021757322999988,0.0293170529999752,0.0166724849999873,0.0197526459999854,-0.110326484000031,
0.0300852089999698,0.0331754790000114,0.0238789440000055,0.033337839999992,-0.119707098999987,
0.0227777780000142,0.0296010969999734,0.0258091280000144,0.020042196000024,-0.10330679999996,
0.0253629439999968,0.037141167000018,0.020562342000032,0.0253531540000176,-0.0837958880000042,
0.0257755659999793,0.0297586280000023,0.024468073999974,0.0168313379999699,-0.116138409999981,
0.0144897140000103,0.0273783890000032,0.0324343570000256,0.0333272959999758,-0.0949785450000108,
0.0359592850000035,0.016857332999989,0.016857332999989,0.0291443869999921,-0.10740457499998,
0.0262775039999906,0.0376477060000043,0.0297396199999912,0.0299461339999834,-0.0896404009999751,
0.0317053159999696,0.0259437260000168,0.0273626480000057,0.0200361699999821,-0.114955057999992,
0.0141517539999868,0.0217515139999832,0.0302629310000348,0.0182680560000081,-0.0936227240000035,
0.0274273729999913,0.0221396600000107,0.0226009539999995,0.0322049520000201,-0.0958099170000078,
0.0126128340000014,0.0201124479999917,0.0198655289999951,0.0216669229999925,-0.0959310940000078,
0.0194690720000071,0.0231388689999994,0.0306007549999576,0.0314028420000286,-0.110298208999998,
0.0274137980000314,0.0264073550000076,0.0248751279999824,0.0270636320000103,-0.123595549000006,
0.0288226990000103,0.0201705079999765,0.0273477159999948,0.0185522439999868,-0.111082972000014,
0.0217612880000152,0.0322537630000415,0.0262759439999591,0.0249305950000089,-0.0876083719999779,
0.0258071429999945,0.0258056350000106,0.0421355920000296,0.0156261860000332,-0.0799901390000095,
0.0328647039999932,0.0261894040000261,0.0191981899999901,0.0310379660000053,-0.110334685000011,
0.0148256930000016,0.029536553000009,0.0284287510000131,0.0235850839999803,-0.097651394999988,
0.0252873329999757,0.0202687260000021,0.0217284250000057,0.0291872909999847,-0.088866622000015,
0.0118995419999919,0.024071992000012,0.0145775350000313,0.0198307889999842,-0.0797660339999702,
0.0191292460000277,0.0259266329999837,0.0262987650000277,0.0235438149999964,-0.0828799890000082,
0.0260342510000046,0.0357326089999815,0.0142892770000126,0.0286916279999714,-0.0914805419999893,
0.021438679000009,0.0205224709999748,0.0312460079999846,0.0211975049999846,-0.118999174999984,
0.0175039470000047,0.0250055980000088,0.0286837170000199,0.0161022520000024,-0.0936902689999888,
0.0222549100000097,0.014068099000031,0.01900237500002,0.0225075049999778,-0.0928397020000148,
0.0255888330000134,0.0203463239999664,0.0203463239999664,0.02348823299996,-0.0883536370000202,
0.0158829480000168,0.0266963389999528,0.0153297190000258,0.0190177549999726,-0.0646255770000107,
0.028853729999978,0.0284278439999689,0.0256649200000111,0.03160892899999,-0.124002454000022,
0.0349206619999795,0.0202947490000133,0.0341334910000205,0.0276842979999947,-0.119859779000003,
0.019463779000017,0.0255197719999951,0.0318013470000133,0.029283606,-0.111306683,
0.0179295860000029,0.0247356600000176,0.0152709490000389,0.0269659149999834,-0.122940012000031,
0.0275932629999652,0.0208356830000012,0.0208356830000012,0.0193466710000257,-0.100259925000008,
0.0149490549999946,0.0145701319999962,0.0187015619999738,0.0278381959999497,-0.0770445170000094,
0.0307945490000011,0.030027005000009,0.021342582999966,0.021342582999966,-0.114266419000011,
0.0308665220000112,0.0251609309999931,0.0211721869999756,0.0249191350000119,-0.102613158000036,
0.0239100649999982,0.0263185710000089,0.0267886100000087,0.0286982789999893,-0.122346268999974,
0.0274396119999965,0.0164749019999772,0.0210999160000119,0.0236807160000108,-0.107396417000027,
0.0202282689999793,0.0250628739999747,0.0235645439999853,0.00986823699998513,-0.105920322000004,
0.0254288690000394,0.0319326749999791,0.0350820430000349,0.0209357150000042,-0.0822289130000036,
0.0251848080000009,0.0194072840000163,0.0282266850000451,0.0144430109999657,-0.0957741370000031,
0.0293058220000021,0.0254375040000095,0.0294924299999857,0.0181838830000088,-0.10542381600002,
0.0340922759999949,0.0333228130000116,0.0229427979999755,0.017238842000017,-0.0958491129999811,
0.0245183120000365,0.0285379680000024,0.0216343859999888,0.0241726189999927,-0.106533537000006,
0.0401610560000072,0.0275257310000252,0.0190394770000048,0.0301945210000131,-0.115092450999983,
0.0236784169999801,0.0355714129999806,0.0173050499999836,0.0295426940000407,-0.083410438000019,
0.0219002230000078,0.0224415470000058,0.0254665450000011,0.0161003160000128,-0.0843873959999892,
0.0279554970000054,0.0313516359999685,0.030733880999981,0.0183267879999894,-0.126524547,
0.0385360039999887,0.0243296629999968,0.036367261999967,0.0258458839999794,-0.136984981999977,
0.0190250020000194,0.0308181649999779,0.0288106170000092,0.0194186360000213,-0.119573419000001,
0.0188384930000029,0.0248987070000139,0.021419897999981,0.0252511510000004,-0.0925550470000135,
0.0144198329999817,0.0256354539999948,0.0163909450000083,0.0180376370000085,-0.0848213460000388,
0.0422616390000085,0.0198293899999817,0.0223925809999773,0.0267254290000274,-0.116000035999989,
0.0205554449999881,0.0253435380000119,0.0226774099999993,0.0120546539999832,-0.0997679050000106,
0.0285728649999755,0.0228111989999588,0.0241995239999878,0.0400496530000182,-0.114349387999988,
0.026214116000011,0.0259202559999667,0.0253836980000215,0.0197518019999952,-0.102571828000003,
0.0334534119999944,0.0224326000000019,0.0183060689999702,0.0333391760000068,-0.0961655390000187,
0.0199249500000124,0.0170430839999808,0.0264837579999903,0.0210610709999628,-0.108285984000018,
0.0185913510000246,0.018707711999974,0.0157465150000189,0.0258732469999914,-0.0831666830000131,
0.0232564259999817,0.0242491699999919,0.020355360999989,0.0294200339999807,-0.0909066829999974,
0.022771532999961,0.024492571000018,0.0250187960000112,0.0204615740000045,-0.0995037780000303,
0.0201439559999853,0.025786060000004,0.0207348210000264,0.0165133669999532,-0.0787569669999903,
0.0389098770000128,0.0276739709999856,0.0340109069999689,0.0158926010000187,-0.129086227999994,
0.0431132770000286,0.0168590609999592,0.0308151779999971,0.0211743920000199,-0.104153587000012,
0.0324746940000114,0.0222861999999814,0.0295608919999986,0.0244189739999738,-0.129701962000006,
0.0384184370000048,0.0260129890000126,0.0283951410000018,0.0216427909999975,-0.0850662550000143,
0.0312379860000046,0.0343742889999794,0.0227166710000065,0.025879277999994,-0.117240542999996,
0.025637647999989,0.0239088920000013,0.022423608000031,0.0320469849999754,-0.115011727000034,
0.0216633819999779,0.0176317520000102,0.0196886919999906,0.0148728930000143,-0.0999521089999635,
0.0136145050000032,0.0178954350000186,0.0199140190000371,0.0276628580000288,-0.103527916999979,
0.0197946399999773,0.0226401879999821,0.0175413889999754,0.01702836999996,-0.0947728870000101,
0.0350083710000272,0.0164251120000026,0.0161924330000047,0.0251869819999838,-0.104645546999988,
0.0231836170000233,0.0267366999999931,0.0191830670000118,0.0293151869999929,-0.104532901999989,
0.0188303149999911,0.0191805360000089,0.0174638579999664,0.0259821289999791,-0.0953208509999895,
0.0296291799999999,0.0261963570000034,0.0330534550000057,0.0377840500000266,-0.105884281999984,
0.0372069979999742,0.0309135020000267,0.0299970260000082,0.0268248699999876,-0.100991280999968,
0.0232485010000028,0.0159570770000173,0.0217303460000148,0.0185188469999912,-0.108005623000028,
0.0210715510000346,0.026229405999994,0.0299014460000462,0.0183293469999817,-0.0857985819999922,
0.0273142519999965,0.0227146049999747,0.0159258029999774,0.0215010350000193,-0.0974331869999969,
0.0248886089999878,0.0193577009999854,0.01526053400002,0.0328209640000059,-0.0841297130000066,
0.019785062999983,0.0314852340000061,0.0376032189999914,0.0309007200000142,-0.0991083300000109,
0.0340937019999956,0.0300435790000247,0.0275612830000027,0.0201054580000555,-0.131909269000011,
0.0227612180000287,0.0281852069999895,0.0160273520000219,0.0208334120000191,-0.0835253249999896,
0.0256858660000071,0.030751724000017,0.0269124560000082,0.0236137360000166,-0.0989307709999857,
0.0321715170000161,0.0349216569999726,0.0193718710000139,0.0259634609999985,-0.0997744870000006,
0.03154966099999,0.0234368289999838,0.0247965910000212,0.0340837559999954,-0.108139251000015,
0.0298280349999877,0.0261038549999912,0.0271725550000083,0.0296038009999902,-0.146915224999962,
0.0370208019999709,0.0209987300000466,0.0240288149999942,0.0315490200000368,-0.115501052999984,
0.0268723370000052,0.0251557560000147,0.0204199699999881,0.0329366999999647,-0.113595678000011,
0.0228687660000169,0.0291206899999852,0.0294305810000042,0.0263119240000033,-0.101311264999976,
0.0254191619999774,0.0236699970000227,0.0254202279999718,0.0297122410000429,-0.0928310419999916,
0.0326131289999776,0.0237800090000082,0.0168352829999458,0.0191259990000362,-0.0845308769999783,
0.0145095689999744,0.0252957519999818,0.0253184529999717,0.0256391040000035,-0.093059968999989,
0.0338103849999998,0.0151151319999954,0.0207441700000127,0.0371561289999681,-0.113795523000002,
0.0293880219999937,0.0289148609999929,0.0293880219999937,0.0340446170000141,-0.108581173999979,
0.022011397000002,0.020469057000023,0.0240973049999711,0.0201717749999998,-0.0761533759999957,
0.0206900239999914,0.0282246789999854,0.0365337370000225,0.0190840000000635,-0.106819713000008,
0.0225324539999956,0.0184948810000114,0.0320020120000318,0.0250629069999823,-0.101495975999981,
0.0219952709999734,0.024856836000039,0.0250869310000226,0.0325085610000015,-0.108337381000014,
0.0162478240000019,0.0164445739999692,0.0334567390000002,0.0138553429999947,-0.0930377239999943,
0.0270827209999843,0.0208330409999726,0.0224500079999652,0.0303123150000001,-0.104784808999969,
0.0294553759999908,0.042721519000017,0.0249097540000021,0.023561856999986,-0.0921948719999964,
0.0226727290000254,0.028662945999984,0.0221154459999889,0.0281290480000007,-0.102608769999993,
0.017621559999995,0.0327513999999846,0.0382705579999947,0.0357722509999976,-0.120537362999965,
0.0153540159999793,0.0176444760000177,0.0216217889999807,0.0299869860000026,-0.0827437459999992,
0.0142490019999996,0.0242200460000058,0.0264622660000123,0.0295628099999758,-0.10308687800003,
0.0175254089999826,0.0219552510000267,0.0244064510000198,0.0225786169999892,-0.096253923000022,
0.013860881999989,0.0231654120000348,0.0218438939999896,0.0198749620000171,-0.0834867640000075,
0.0340992839999826,0.0138174219999864,0.0224146250000149,0.0289086619999862,-0.111208601000004,
0.0228403439999929,0.024541896999971,0.0252484219999578,0.0156090420000255,-0.087000295000008,
0.0271861379999746,0.0262844640000103,0.0211906219999482,0.0286952630000078,-0.0891904819999727,
0.0232108590000007,0.0216997009999741,0.0287076660000012,0.0179540759999709,-0.11687955500003,
0.0158411210000259,0.018829168000012,0.0296527639999867,0.0279857100000081,-0.112173425999991,
0.027296232000007,0.0327711489999992,0.0221606470000052,0.0260072770000024,-0.0999848200000251,
0.0112912009999764,0.0223373880000072,0.0154987319999927,0.0268171670000193,-0.0865740950000081,
0.0229835699999994,0.0202449009999764,0.0231484509999755,0.0279976410000208,-0.0937514510000037,
0.0315198729999865,0.0204290850000025,0.0362676140000558,0.0328736989999861,-0.117878066000001,
0.031377222000011,0.026957732000019,0.0204170750000094,0.0162786619999897,-0.111609179999986,
0.0119890590000032,0.0188285180000457,0.0224183279999943,0.0180433910000165,-0.0744554750000152,
0.025681499000003,0.0232665220000245,0.0157241000000186,0.021475689000019,-0.0766367700000164,
0.025174023999989,0.0143784110000015,0.0211454070000136,0.0244694089999894,-0.112745232999973,
0.0381319359999879,0.0287829319999819,0.0308848830000097,0.0187528480000128,-0.123744303000014,
0.0284450790000237,0.023133157000002,0.0328431460000011,0.0311885900000098,-0.112966722999981,
0.0275208880000328,0.0298027020000063,0.0288781170000257,0.0342152199999955,-0.115339520999999,
0.019733125999991,0.0229766790000403,0.0284528439999713,0.0410955069999909,-0.123879364000019,
0.021500919999984,0.0299689690000032,0.0190905469999971,0.0238620240000037,-0.111437606999984,
0.0148151599999755,0.0296705220000167,0.0169936520000247,0.0138994199999834,-0.0894941529999596,
0.0257273330000389,0.0305783469999815,0.0185427070000069,0.0206610529999989,-0.0807666049999853,
0.0152409200000247,0.037915363999984,0.0233206290000298,0.0282776770000119,-0.104396101999987,
0.024876233999963,0.0331968170000073,0.0312582699999757,0.0305943070000194,-0.126586529000001,
0.0217507610000039,0.0230432729999766,0.0273404959999907,0.0303400109999811,-0.131127898000046,
0.0241122040000055,0.0259639039999702,0.0340448430000297,0.0209509770000132,-0.0986437750000314,
0.0247542100000264,0.0228636330000318,0.032888595000024,0.036354893000007,-0.0884810509999634,
0.0294039079999866,0.028889112999962,0.0331377320000074,0.0424093510000084,-0.130665133000007,
0.0279198479999941,0.0296792259999947,0.0362048810000479,0.0352867550000064,-0.111139245999981,
0.0269896860000308,0.0354813379999832,0.0240604079999994,0.0283679330000114,-0.0955128419999883,
0.0182674960000086,0.0223271199999854,0.0295249579999963,0.0162568450000153,-0.0981188739999889,
0.0263592239999543,0.0195804349999826,0.0223315629999897,0.0297720269999836,-0.106041894000019,
0.035905553000016,0.0123761900000254,0.0135094650000101,0.0325191249999771,-0.102991345999986,
0.0216472880000156,0.0216586559999942,0.0216017649999958,0.0318298299999969,-0.0971636900000058,
0.0221918670000014,0.025850796999981,0.0181153220000151,0.0276188969999994,-0.0975884719999694,
0.0209486889999971,0.0393266020000019,0.0327698480000081,0.0328075410000138,-0.080196839000012,
0.0155466190000088,0.0139150140000183,0.019014072000029,0.0204035879999956,-0.105724316000043,
0.0188250649999936,0.022701568000004,0.0281484800000107,0.0288306350000203,-0.104978752999982,
0.0246476429999866,0.0269425109999911,0.0326598099999719,0.0258554350000204,-0.108625173999994,
0.0272326129999774,0.0272326129999774,0.0242009379999881,0.023465982999991,-0.0995059019999762,
0.0182517429999562,0.0243820100000285,0.0263189059999895,0.0186761369999977,-0.117767239000012,
0.0263424860000105,0.020539705999975,0.0191427350000031,0.0121415609999658,-0.0896836140000014,
0.036423486000006,0.027461727000029,0.0326118150000057,0.0324405109999925,-0.108900409999971,
0.0313821020000223,0.0171338959999866,0.0183025240000061,0.0282171300000082,-0.0984052100000017,
0.0268638940000301,0.0352433150000052,0.0273389039999638,0.0222304499999955,-0.12061238,
0.0248532340000265,0.0213461209999741,0.0214908789999954,0.0181170530000172,-0.0920823119999704,
0.0156467479999637,0.0190135039999668,0.029308795000019,0.0195630600000213,-0.0863626470000208,
0.0321328769999855,0.0188233899999641,0.0321328769999855,0.0242910400000019,-0.10585135100002,
0.037676992000007,0.0271664270000465,0.0265591959999974,0.00862892499997815,-0.112387777000024,
0.0187631380000175,0.0301945910000059,0.0300844959999995,0.0265842630000052,-0.10319326,
0.0307026149999892,0.015456438000002,0.0264771870000122,0.0306774479999849,-0.111095861000014,
0.0209073550000012,0.0249636190000156,0.0304401040000057,0.0256474690000114,-0.108785379000006,
0.0272269439999709,0.0353032509999712,0.0317372760000235,0.0278896480000067,-0.102497605999993,
0.0332417189999951,0.0375105499999982,0.0202692609999549,0.0242839610000092,-0.116412785999968,
0.0288047929999912,0.0263341799999562,0.0246551439999585,0.0214194870000092,-0.101732418999978,
0.0330474630000263,0.0263606929999869,0.0186190060000017,0.0204031229999891,-0.0927844700000041,
0.0306530299999795,0.0248139929999761,0.0243188070000142,0.0195632070000065,-0.100751988000018,
0.0195178619999897,0.0257205639999902,0.0261370340000067,0.0154465710000341,-0.0954367500000044,
0.0188292759999795,0.0269779220000128,0.0258405880000082,0.0253237789999839,-0.0932455819999786,
0.0164389060000403,0.0304422970000205,0.0277451150000297,0.0250277939999814,-0.0783929709999811,
0.0283008119999868,0.0182673559999639,0.0195038960000147,0.0292865440000242,-0.0884590609999959,
0.0211019920000044,0.0238802519999963,0.0346001210000086,0.0265776940000178,-0.0985064869999897,
0.0280191880000139,0.0312975560000223,0.021462984000008,0.0202217289999735,-0.0919125160000003,
0.0191976920000016,0.0291158050000149,0.0304747730000117,0.027138053000026,-0.104992214999977,
0.0224980479999849,0.0205845610000169,0.0201568869999865,0.0188228760000102,-0.104498427000008,
0.0209586069999959,0.0268655920000156,0.0253279470000052,0.0222508219999872,-0.0938594460000322,
0.0192021690000201,0.0152006189999711,0.0218664339999768,0.0241885289999691,-0.0865821800000112,
0.0213784659999828,0.0215646409999972,0.0250412259999866,0.0270867400000116,-0.0823640589999677,
0.0258380850000167,0.0246367620000019,0.0210704770000029,0.034573318000027,-0.0846813829999946,
0.0220889019999649,0.0283104510000003,0.0258755830000018,0.019697513000011,-0.0960634730000074,
0.0322301910000315,0.028420283000024,0.0185610770000067,0.0184231310000077,-0.0912021000000022,
0.0264529140000031,0.0219603889999835,0.0198843259999785,0.0245071480000061,-0.0925463510000145,
0.0288532529999629,0.0288532529999629,0.0220979550000338,0.0207368099999976,-0.107001844999996,
0.0348081330000123,0.0249962440000018,0.0354323630000035,0.0186046029999779,-0.0975660599999965,
0.0156537619999663,0.0179470850000089,0.0296294890000509,0.0230539840000001,-0.0792060090000095,
0.0426135849999691,0.0133386430000228,0.0426135849999691,0.020940292000003,-0.100988718999983,
0.0344651619999822,0.0388082439999998,0.0187787190000163,0.0171368099999991,-0.107273117000015,
0.0301740629999986,0.0118793119999982,0.0244359759999734,0.0308838079999987,-0.0888102869999902,
0.0225908140000147,0.024355585999976,0.0245491340000117,0.0288280090000108,-0.0768100839999888,
0.0221949529999947,0.0254888110000329,0.0173159120000246,0.0229088170000105,-0.0886737369999828,
0.0249954600000237,0.0241083920000119,0.0235773300000128,0.012628947999995,-0.0916729160000032,
0.0248735020000158,0.0312486979999794,0.0332998159999906,0.0310141999999532,-0.118123138999998,
0.026684625999992,0.0284229309999455,0.0200451540000158,0.019642024000007,-0.119881245000022,
0.0350357560000166,0.01612942999999,0.0285693179999971,0.019275515999997,-0.0938870709999746,
0.0380077260000435,0.0279376309999989,0.0209340059999849,0.0194057369999582,-0.100919332000014,
0.0324361609999978,0.0226956530000007,0.0172397510000083,0.0335717520000107,-0.0994184319999558,
0.0243259630000075,0.0273048540000145,0.0213260939999991,0.0281446729999961,-0.0930140199999869,
0.0254706959999912,0.0237082850000006,0.0273696740000041,0.0231397579999866,-0.122381614000011,
0.0222920580000173,0.0373817420000105,0.029446745999986,0.0180280670000111,-0.0890025239999868,
0.0193268359999865,0.0249794360000251,0.0235777119999957,0.0193268359999865,-0.0866256350000213,
0.024964468000021,0.0212968759999994,0.0299561620000177,0.0381856070000113,-0.118668967999994,
0.0273357859999778,0.0195790579999984,0.030246611000025,0.0184207420000012,-0.098714259000003,
0.0327967299999991,0.0229596040000106,0.029441744999991,0.025184660000019,-0.122402078000005,
0.0233074139999808,0.0223445550000342,0.0243717169999791,0.0268917689999889,-0.100675288999993,
0.026862418000017,0.023552452000009,0.0202111510000341,0.0263417460000101,-0.101031704000018,
0.0355779799999946,0.0282356949999894,0.0320401439999587,0.0270666149999824,-0.129336870999949,
0.0347608020000107,0.0174637949999887,0.0247191320000356,0.0254302730000145,-0.119681147000017,
0.0225409690000115,0.0263177000000014,0.024147679000027,0.0339036249999999,-0.115946314999997,
0.0261817660000161,0.0238222179999875,0.0215304560000022,0.0220451499999954,-0.117462744000005,
0.0230576310000224,0.0347642600000299,0.0195888719999775,0.0311522280000181,-0.115715346000023,
0.0325669699999935,0.0137085730000299,0.0176092440000039,0.0215430240000132,-0.0961709249999749,
0.0234608009999802,0.0252422619999897,0.0244179359999771,0.0356250099999616,-0.105370865000044,
0.0211297070000146,0.0283817500000068,0.0274985899999783,0.0270052969999888,-0.106258137999997,
0.0227021560000103,0.0244974969999639,0.0244283770000457,0.023334846000007,-0.103027319999997,
0.0236085649999841,0.0339554420000122,0.0316706190000023,0.0202827840000027,-0.0899940529999931,
0.0245408260000268,0.028364928999983,0.0260760700000346,0.0247896490000121,-0.116896094000004,
0.0200360960000289,0.0332249249999732,0.031434485999981,0.0201175500000127,-0.0805833970000022,
0.02405681800003,0.0256893909999699,0.0382290329999805,0.0275417610000131,-0.0962866509999994,
0.022351183999991,0.0156921999999804,0.0297976650000383,0.0252600950000087,-0.0807366460000012,
0.0251047019999787,0.0196854460000177,0.0196854460000177,0.0205031609999969,-0.0988794989999687,
0.0341635910000095,0.0346826459999975,0.0254816119999987,0.0274092500000006,-0.0992035650000044,
0.0214590650000064,0.0238442049999794,0.0233000040000152,0.029004074000015,-0.0951502420000152,
0.0239644099999623,0.0251205240000263,0.0263435910000044,0.0221399050000127,-0.103116507000041,
0.0275548119999958,0.0311146179999978,0.0262427599999901,0.0248728970000284,-0.0878857869999938,
0.0220173749999685,0.0136495570000079,0.0167203600000084,0.0188893699999981,-0.097287292,
0.0218214309999667,0.0223331220000318,0.0272458210000168,0.0248723020000016,-0.112153868999999,
0.0158368340000106,0.0158546330000036,0.0163645479999896,0.0265581850000126,-0.0933468970000313,
0.0187729639999843,0.0263882349999603,0.0363452010000283,0.0302221099999915,-0.153679007000011,
0.0305117839999966,0.0238504920000078,0.0248406089999944,0.0304335999999876,-0.0742572560000344,
0.0241770329999827,0.026039470000007,0.0305208370000173,0.0149850700000216,-0.0958132279999882,
0.0311833789999864,0.0255432140000121,0.0375753639999957,0.023976214999996,-0.112443036000005,
0.0250609020000202,0.0299221930000185,0.0183656319999864,0.0370048780000388,-0.0931945689999702,
0.0216010020000449,0.0105163779999884,0.0283329729999823,0.0323989809999766,-0.113511023000007,
0.0217002540000049,0.0284046250000474,0.0277386969999907,0.024445171999987,-0.0837704419999836,
0.025073328000004,0.014113503000026,0.0268467770000188,0.0306352290000077,-0.108434236999996,
0.019190564000005,0.0245149720000018,0.0304261109999679,0.0264688860000151,-0.120093140000027,
0.0167441050000225,0.0268179349999618,0.0198640069999983,0.0165705020000141,-0.0961527810000071,
0.0240804500000004,0.0260545870000096,0.0296057710000059,0.0226823509999849,-0.0814536630000202,
0.0232191880000219,0.0302027820000021,0.0224887560000088,0.0351342990000112,-0.100865180999988,
0.025319840000021,0.0361682180000034,0.0237023210000443,0.0195742319999936,-0.12488823299997,
0.0294229970000424,0.0455397120000307,0.0282699129999828,0.0292981210000489,-0.105500301000007,
0.0210680200000179,0.0200273179999858,0.0361883109999962,0.0290752960000027,-0.121216480999997,
0.0171097840000057,0.0248525510000118,0.0162544070000322,0.0272726789999942,-0.106533008000025,
0.0292932950000331,0.0313217450000357,0.0241950910000151,0.0182424779999992,-0.0997284220000438,
0.0306003420000088,0.0154066159999993,0.0299824229999986,0.0164620189999832,-0.103379206000007,
0.0281775899999884,0.0422831880000258,0.0229759410000343,0.0207995290000099,-0.115554708000031,
0.0376674410000105,0.0317940430000071,0.0281234369999975,0.0319750970000405,-0.112561660000006,
0.019319794999984,0.0246813929999753,0.0162904100000078,0.0162499759999873,-0.106924568000006,
0.0239326910000063,0.017401396000042,0.0217318369999839,0.0300464929999916,-0.090995059000039,
0.0239258969999919,0.01167616800001,0.0243648140000005,0.0306710689999745,-0.0937000069999885,
0.0208946870000209,0.0213531309999944,0.0178358649999927,0.0346403560000062,-0.10059378000001,
0.0110601229999893,0.0297662940000337,0.0244162089999718,0.0285264809999999,-0.105814106999978,
0.0208170259999815,0.0151910979999911,0.019786403000021,0.0261249059999964,-0.117148066999983,
0.0240308240000204,0.033060645999979,0.0370125399999979,0.0212929360000016,-0.0977452369999855,
0.0269428960000105,0.0269428960000105,0.0206033139999836,0.032667185000003,-0.101417134000024,
0.0255419020000018,0.0303983230000013,0.0133236580000057,0.0249271659999849,-0.10026741000001,
0.019862712999985,0.0245190819999953,0.0236488649999756,0.0168661579999971,-0.0749186230000196,
0.0212481599999937,0.0220525520000338,0.0340109720000009,0.0251882370000276,-0.103201678999981,
0.0287401139999847,0.0319213440000085,0.0298049089999813,0.0192887200000114,-0.100943035999981,
0.0181216000000268,0.0308121999999912,0.0240614120000146,0.0246710020000046,-0.077435248000008,
0.0316379629999883,0.0395773379999919,0.0269654449999898,0.0186055490000081,-0.0949633060000097,
0.0208258909999649,0.0239482120000184,0.0251886980000008,0.017582210000035,-0.150725019000008,
0.022768164999984,0.0317312530000218,0.0311634859999722,0.0338739730000125,-0.0965081439999949,
0.025983929999983,0.0202431830000105,0.0183516130000271,0.0192671089999903,-0.087723056999982,
0.0336157870000161,0.0219891649999845,0.0152513360000194,0.0269437379999981,-0.081697908999985,
0.0274779320000252,0.0236868309999745,0.0130283819999795,0.0235616280000067,-0.0904808590000221,
0.0317773129999632,0.0251173989999734,0.0185391689999906,0.0259024889999937,-0.123654112999976,
0.0129972930000076,0.0307164699999994,0.0189714160000103,0.025791197999969,-0.0992002719999709,
0.0221545909999877,0.0186245990000016,0.0279526610000094,0.0358527799999902,-0.105389019999998,
0.0111022509999639,0.0201305679999969,0.0271664529999916,0.0333454159999719,-0.0830817279999728,
0.0185456909999584,0.0148825130000096,0.0231472309999481,0.0202543900000201,-0.102048298000012,
0.033832259999971,0.0276483929999831,0.0276483929999831,0.0339960759999958,-0.124734780000017,
0.0275773069999959,0.021848526000017,0.0302097859999922,0.0204411889999737,-0.101744423000057,
0.0225330660000136,0.0200715800000235,0.0231635650000107,0.0217475640000175,-0.100759641999967,
0.016421556999976,0.0172828429999709,0.0328592219999646,0.0266984029999949,-0.0895901610000183,
0.00969500499996047,0.0301678270000039,0.0145462119999747,0.0211488370000034,-0.0799914439999975,
0.0343567709999961,0.0337614510000103,0.0285319739999895,0.0365674999999837,-0.115834493999979,
0.0215230399999919,0.020673807000001,0.0220408379999744,0.0291861619999991,-0.110261401999998,
0.0225799589999942,0.0314071389999917,0.0326855709999909,0.025861675000001,-0.083685384000004,
0.0327141219999767,0.0251076819999962,0.0141179789999796,0.0256500600000008,-0.089797381000023,
0.0279842880000224,0.0203625649999913,0.0313295300000318,0.025341738999985,-0.102987705999992,
0.019375050000016,0.0231759809999803,0.0195568849999718,0.0210765210000027,-0.0801845630000116,
0.01971602599998,0.0186949979999654,0.0194784030000455,0.0350632819999992,-0.0844347289999823,
0.0161544230000127,0.0186847280000111,0.0219058659999846,0.0205836230000086,-0.0782865069999571,
0.0351479150000241,0.0306788679999854,0.0187529129999593,0.0309552170000043,-0.108364041000006,
0.0330460200000271,0.0270256340000005,0.0276650639999789,0.0218881699999993,-0.0935484199999819,
0.0246627470000158,0.0206571809999978,0.0189451050000225,0.0279472419999984,-0.103870390999994,
0.0211402970000036,0.0178287860000291,0.0116152049999837,0.0307966219999998,-0.0972722909999784,
0.0246207110000205,0.0299741239999994,0.0221480419999689,0.01641102399999,-0.0931576729999742,
0.0134706830000123,0.0203871280000267,0.0179375519999985,0.026664319999998,-0.0901511169999803,
0.0248609170000373,0.0424493350000239,0.0345688830000145,0.0171755489999896,-0.0990642030000326,
0.0290333079999918,0.0252038170000415,0.0193039340000005,0.034258399000023,-0.10886939599999,
0.0194736490000078,0.0240727040000183,0.0274134699999859,0.0265754499999621,-0.0976507390000152,
0.0494183359999925,0.0177283230000148,0.0356112070000354,0.0434837810000208,-0.140027498000006,
0.0261233020000327,0.0338857329999919,0.0298785410000119,0.0248871750000044,-0.0852662659999969,
0.0196006389999757,0.0355186400000212,0.0228285079999732,0.032534601999987,-0.103968785000039,
0.0213296900000159,0.029832110999977,0.0411481659999727,0.0327417090000054,-0.101735604999991,
0.0355283909999825,0.0233443390000175,0.0211544209999956,0.0266488869999785,-0.108674337000023,
0.0220419630000524,0.031006486999996,0.0237931050000398,0.0264735060000139,-0.0956361600000209,
0.0305788000000384,0.0241187240000127,0.0191332000000184,0.0220151340000039,-0.0968756609999928,
0.0395639659999706,0.0317908390000111,0.0237627869999906,0.0186620369999964,-0.112375437000028,
0.0303105949999626,0.0291843650000137,0.0214032129999923,0.0231853679999886,-0.102594627000035,
0.0233879549999883,0.023761759999993,0.0281831960000209,0.0200264790000074,-0.0892622869999732,
0.0276574229999924,0.0290177939999785,0.0184663470000251,0.0309759059999742,-0.103692522999992,
0.0132108879999741,0.0173715900000234,0.0197150519999741,0.0244227100000135,-0.107308862999968,
0.0308476840000258,0.029823333999977,0.0216240300000136,0.0155321029999714,-0.0930756910000082,
0.0237743150000242,0.0215362459999969,0.0236411159999871,0.0247810540000182,-0.099157385999998,
0.028968705000003,0.024506832,0.0421660240000019,0.0284299459999866,-0.0827616109999999,
0.0326362299999819,0.0214026820000108,0.026603603000005,0.0297979249999989,-0.0760082149999762,
0.028316549000052,0.0153699300000162,0.036015371999978,0.0268599650000051,-0.104539135999991,
0.0210309120000011,0.0213411999999898,0.0190040210000234,0.0304344220000003,-0.103900968000006,
0.0341737289999883,0.0205444170000001,0.0177114050000191,0.0434168719999725,-0.10599169199995,
0.0239963520000101,0.0310873379999939,0.0166762180000151,0.0206397399999851,-0.0891121789999925,
0.0212761759999976,0.0193893579999967,0.0216555869999684,0.02204089999998,-0.108547933999992,
0.0335719589999726,0.0229749939999929,0.0190778909999799,0.0197754739999955,-0.097637001000001,
0.0348114649999925,0.0199967200000119,0.0282164350000248,0.0477725290000117,-0.135657724999988,
0.020518245000002,0.0179317860000201,0.0272595780000038,0.0255911290000076,-0.0909278159999967,
0.0338154010000226,0.0221350650000259,0.0207250759999843,0.0272966780000042,-0.117998004000026,
0.0173665680000067,0.0294277320000319,0.0218252510000029,0.0176312239999907,-0.0816251690000063,
0.0170951460000397,0.0298553169999859,0.0224217130000143,0.0187796970000218,-0.10155895600001,
0.0243640519999954,0.0182487740000124,0.0110399100000022,0.0226216400000094,-0.109858710999984,
0.0168191569999717,0.017730262,0.017730262,0.0208173049999841,-0.0866015600000064,
0.024691360000008,0.0131823980000199,0.0256446859999942,0.0303182359999928,-0.102573610000005,
0.0268240340000184,0.0207728999999908,0.0312848419999737,0.0176354139999794,-0.0751225369999947,
0.027938830000001,0.0273574640000097,0.0251179760000114,0.020744876000007,-0.103304452999989,
0.0298005650000323,0.0281065329999692,0.0201492869999547,0.0175190099999736,-0.10836577100001,
0.0379361989999934,0.0207949340000587,0.0294009479999841,0.0379787650000053,-0.109353912000011,
0.030566889000007,0.0204479199999705,0.0273411289999958,0.0259409159999777,-0.123883238999967,
0.0322924990000165,0.0202000380000072,0.0353709030000073,0.0208340289999751,-0.117819389000022,
0.0232298969999729,0.0206181930000093,0.0309056749999854,0.0151020460000082,-0.0985966599999901,
0.0187266900000013,0.0240070859999896,0.0277129050000167,0.0295209759999734,-0.0813276190000379,
0.0192798040000189,0.0216999639999722,0.0268168399999959,0.024884442999999,-0.110349827000015,
0.0238316730000233,0.0230654309999945,0.0241069499999749,0.0262699740000007,-0.110498700000026,
0.0232693580000014,0.0173542189999926,0.0245166640000334,0.0217585320000162,-0.0912045170000101,
0.0304169600000359,0.033497466000008,0.0300998439999912,0.031581939000007,-0.102053028000022,
0.0234820980000104,0.0271985160000058,0.0271985160000058,0.031622853999992,-0.109427834000013,
0.0304400090000454,0.0214672389999887,0.0442795369999822,0.0337319780000025,-0.0981138099999853,
0.0204205520000023,0.0154638790000281,0.0222749650000387,0.026043595999955,-0.0893302369999828,
0.0261251359999778,0.0278916539999864,0.0181392440000163,0.0210223019999785,-0.108607818999993,
0.0383666249999869,0.0344744779999983,0.0202968089999895,0.0206947979999768,-0.124780030000033,
0.0256300370000026,0.0220515689999766,0.0267962700000226,0.0199578559999936,-0.127874255000004,
0.0272712629999933,0.0197013630000147,0.0272712629999933,0.0213999630000262,-0.0979083250000203,
0.0203947349999707,0.0285318559999869,0.0163387500000135,0.0196444110000048,-0.116543564000018,
0.0198488399999578,0.0356032889999933,0.014686280999972,0.0209035030000023,-0.120085407,
0.0229537239999863,0.0270313110000034,0.0229726210000199,0.0184768680000088,-0.101188510999948,
0.0306301499999936,0.0230086679999777,0.015060936999972,0.0379673480000138,-0.100576749000007,
0.0248834290000095,0.0241095079999805,0.0187498749999831,0.0234198369999704,-0.099912941000015,
0.0270090769999961,0.0215077969999938,0.0310032759999967,0.0250222970000023,-0.106845166000016,
0.0132946869999796,0.0242427300000227,0.033885122000007,0.029956355999987,-0.0960951659999955,
0.0238185340000291,0.0336473280000118,0.0181557459999794,0.0224886959999867,-0.091184598999982,
0.0178654430000106,0.0288055740000182,0.0164886549999937,0.0278959589999795,-0.0949916210000029,
0.0382190429999955,0.0228119070000093,0.0192162519999683,0.0298068450000019,-0.11590645400004,
0.0287738080000054,0.0219910159999627,0.0185036269999828,0.0241275269999605,-0.0867853110000015,
0.0311318019999817,0.0157485799999895,0.0258757790000036,0.0266616609999674,-0.102987560999981,
0.0200883969999895,0.0268345970000009,0.0206202890000341,0.0208213399999968,-0.0989737129999849,
0.0407993119999892,0.0168155259999676,0.0231632789999885,0.0255388419999772,-0.0987837490000084,
