24.7496569999776,31.9430970000376,34.7564680000087,29.063893999969,-109.737837999995,
21.1172219999999,25.2067020000286,29.1723170000032,25.3499359999914,-101.016401999995,
28.2106599999997,32.9188269999859,24.0149979999951,26.671035000023,-108.225317000013,
38.3336349999772,26.5816010000144,25.8477410000396,29.3483530000049,-96.8294399999959,
29.6311209999631,25.0896700000385,22.84135099997,22.9244049999625,-105.801196000025,
29.6293589999914,24.7837450000206,32.436550999977,31.733931999981,-113.137821000008,
26.1653899999956,17.9837459999972,31.4275189999926,27.2663019999982,-109.485390000008,
26.8678850000315,35.2499679999937,17.0224209999569,25.0599589999983,-98.4350550000217,
24.8561429999827,28.2763849999737,27.9272339999934,15.2973779999866,-110.408747000009,
24.1545950000127,30.9196210000082,27.4667090000275,26.8735679999827,-122.447879999979,
32.4963959999959,26.7395630000292,23.3310040000079,19.5439999999844,-92.5469250000206,
26.3897750000178,16.1892499999576,16.1892499999576,30.5784520000252,-114.827896000031,
27.3980279999769,28.2681110000349,23.6000949999934,24.9339400000108,-103.833973999966,
28.0744489999715,12.0973119999953,24.6949019999975,28.2705319999977,-83.2192139999979,
20.6961489999876,20.7500419999833,32.8366930000057,21.0564650000069,-70.8763980000131,
21.9740380000121,25.0443680000108,27.4934290000401,36.1162189999832,-117.347429,
29.8444109999991,29.0981229999943,18.3218359999837,15.0580860000427,-96.1892610000159,
23.070747999991,32.7908060000564,23.6980399999838,23.2292670000052,-118.497018999984,
24.6304790000086,27.0420410000424,13.7080360000318,21.3579759999702,-95.5092910000103,
22.9744739999678,16.4714869999898,18.0000609999797,28.4868149999566,-99.6081760000325,
35.144553000001,20.6676379999963,30.2669310000119,25.524058999983,-97.8377680000167,
21.8177989999813,24.3581010000089,17.0565729999644,24.5968400000056,-79.3545089999925,
28.9630210000169,15.7317929999936,31.4985930000321,15.0869550000225,-105.854934000007,
19.4968720000052,26.2694349999974,16.7534920000226,24.400792000014,-90.9164180000225,
19.0336750000242,21.3338200000489,22.5441239999991,26.3020999999808,-97.4033270000537,
30.1684199999863,27.0284200000124,31.1587719999998,32.545890999997,-100.970961000006,
27.5768009999865,23.318125999981,21.5741639999997,28.8201619999973,-106.032789000028,
31.1479259999905,36.8663820000447,33.5923369999709,24.6246269999856,-111.75861599999,
38.0443829999822,21.6559649999854,33.3163279999608,40.4314649999933,-106.550982999998,
42.1350370000227,17.8978269999934,21.5809019999897,25.033303000012,-114.115126000038,
31.8062830000208,21.117708000007,16.4166789999872,33.1461800000025,-116.945079999995,
20.5349189999988,32.600213000027,32.600213000027,33.1317950000166,-136.831818999966,
27.8361519999671,18.8741019999934,26.2104969999909,29.3055339999646,-113.26708099999,
29.0592070000248,24.0068130000409,27.6974919999939,21.7454970000199,-95.444484000026,
15.7042550000233,22.8894920000093,21.7643370000214,13.9883899999732,-87.3184939999956,
30.3392549999762,15.171381000011,13.6903110000148,21.2169430000004,-100.272610999987,
28.1367130000135,28.7666959999879,24.4296600000125,32.1880590000173,-82.9532840000174,
23.559352000002,37.2371840000296,23.9366940000264,5.70870999997624,-85.2739730000321,
21.4812529999981,25.9385750000192,20.3317460000262,16.5542640000231,-85.4628189999985,
27.8953410000277,27.2958979999848,41.140021000012,30.3168379999897,-95.6848900000223,
21.150986000006,18.4463019999621,26.195552000012,18.6165579999679,-111.504998999992,
23.7071159999987,24.6381289999863,24.4510509999882,18.896572000036,-98.5062589999961,
26.8761119999735,21.8289270000068,26.074439,36.5242589999852,-127.194827999979,
12.8417000000009,35.1651619999784,23.8286020000232,22.9679250000027,-104.429898999983,
22.6439579999887,16.3064069999818,23.0851389999725,34.3142939999916,-115.392509000008,
21.3273830000026,21.7618799999991,23.6342629999872,18.8057109999918,-94.0821090000063,
22.9783130000069,43.4529910000174,23.3234290000191,19.015580000023,-77.3893940000034,
21.073170000026,21.1406539999725,19.4824009999911,14.0852320000167,-79.9315920000436,
20.5998829999744,24.5960100000248,16.1172559999995,27.5461669999968,-104.003276999971,
31.8097119999875,31.2162699999908,23.82297499997,22.6381980000042,-91.1915829999998,
26.4539129999885,27.2999889999983,19.9166699999796,25.9283340000147,-90.0578949999363,
35.909397000034,15.4824590000317,21.6107020000263,23.9015960000106,-106.110677,
24.4936560000087,33.2280939999946,26.3292970000148,29.053459999991,-94.110392000005,
19.6678779999875,32.7631070000252,20.3751920000095,30.4636410000212,-94.4203560000324,
20.5809790000076,29.0144149999805,25.6462570000213,22.7171380000054,-97.9147919999987,
17.1229630000098,25.3737690000207,21.5474880000065,13.6434320000108,-112.747699000014,
28.8123309999846,26.6414129999757,18.5548180000251,20.744341999969,-95.1062029999748,
21.2157640000232,37.3261409999814,32.5139249999738,24.5793989999675,-84.4337399999822,
40.9642740000163,27.9931830000269,26.0210909999987,14.5194730000112,-95.1677499999887,
23.4813069999818,28.2994370000188,23.8731930000122,17.2287909999923,-105.387375000008,
22.1345409999831,20.6290100000442,14.933843999991,32.4421149999644,-113.693842999984,
25.8540669999848,28.7346180000104,23.0332379999618,20.2461830000257,-72.7385119999863,
19.591395999988,22.0546100000056,22.2789739999935,25.5817409999827,-74.9248639999932,
14.8518650000051,26.2372450000148,16.4143659999891,34.5521400000307,-119.813032999964,
12.4070119999915,18.334297000024,22.8802389999655,22.9707280000121,-85.9178050000182,
20.5965560000113,26.9663699999737,23.5764039999885,19.3676549999846,-100.023805999981,
37.668135999983,37.2647209999959,26.6430190000301,17.5582440000126,-83.7663739999471,
14.4970129999783,23.498994999999,23.6640180000186,19.7050789999894,-115.145270000025,
24.088469000023,28.1425569999728,23.3963630000062,33.5794779999997,-120.361656000029,
26.8474569999944,22.2029460000076,24.1817609999471,28.7478999999894,-78.4034409999831,
32.6563420000002,32.466294000018,28.8997050000053,25.0747339999889,-106.476189999989,
27.9526219999752,33.8539710000323,33.3408749999762,36.3067090000304,-132.755419,
22.581740000006,15.5073469999743,32.7911320000057,18.2651899999919,-90.7451430000228,
27.8785290000242,21.2606279999864,32.747717000022,23.1627880000106,-84.2797899999669,
15.3001420000137,25.4021889999876,24.115519999993,19.0854800000061,-92.435921999996,
27.1334849999939,19.5217539999958,27.080267000003,17.0154050000101,-87.0256049999862,
21.4310000000078,25.8312880000249,18.995390000001,20.0407249999998,-76.0458770000023,
26.2150989999855,30.2832900000085,31.5403420000021,22.9214330000059,-131.152502000024,
28.1401549999637,16.9855019999823,22.1898369999526,20.5864329999968,-119.299238000005,
27.6086440000381,25.7720640000061,27.7917210000214,33.2925090000044,-126.918661999969,
23.5984200000094,27.2413010000209,25.9965499999844,20.0712670000084,-95.5913959999843,
19.1014780000205,29.4095170000128,21.2317130000074,29.681819999988,-91.9652779999833,
23.2875669999812,15.6053409999749,11.2404319999978,23.9686919999858,-98.5076799999924,
15.3599960000329,19.855762999955,27.5492179999892,28.6064490000535,-78.206703000008,
32.759511000002,23.5793539999995,14.0869129999764,30.3590120000235,-88.0982289999838,
26.1754240000164,25.5867360000384,20.5355759999884,35.5147210000077,-103.908209000056,
24.6926450000246,19.5883970000295,12.075170999994,20.6531719999621,-71.9677770000262,
28.9020630000241,30.7986819999905,25.3683650000157,28.1489729999957,-120.324747999993,
27.9481220000307,33.0947330000308,28.4089640000084,38.4318300000095,-98.1371660000204,
18.4768100000092,19.3308620000171,22.2312749999855,22.9155249999912,-85.2751470000185,
25.2052350000185,22.5586710000034,23.8034070000494,19.3514709999918,-94.5436600000176,
30.4786810000205,22.5143179999886,32.8505529999775,18.3370080000423,-88.0092650000124,
29.119091000045,10.9977449999915,22.9065610000061,19.6671710000082,-104.40551799998,
18.5266629999969,28.3152679999966,36.1629700000067,22.7134330000335,-88.0581040000061,
23.8116389999923,14.7368059999962,18.5803959999967,22.7019740000051,-94.5146079999995,
20.5117020000062,19.3135409999841,15.7585350000409,25.8195110000097,-107.003216,
22.0016810000034,13.4281749999909,18.5014719999863,20.6841589999894,-84.7084509999877,
21.5883660000154,24.2776980000008,16.0898409999882,16.0898409999882,-81.2051080000056,
15.6062979999806,22.8633989999862,32.863749999975,24.7214930000036,-118.024379000008,
24.959584999996,22.810538000017,17.4469950000284,19.6419490000226,-92.1009889999905,
26.7474899999552,32.1762280000012,24.5825899999909,37.5449480000316,-109.55725900001,
41.2460219999857,31.6947179999643,22.4436569999671,41.6500130000186,-116.18098699998,
29.7140540000464,26.4670559999995,25.8112139999812,22.6769249999852,-105.232581000002,
31.3776320000125,26.7108980000012,30.1533159999908,33.5330129999984,-98.1146940000099,
38.1228600000122,18.2903870000218,22.7244579999797,18.8585790000016,-100.236254999973,
35.9060930000005,37.2193510000379,28.9479990000082,29.2921109999916,-108.436843999994,
29.3106739999967,28.5049840000183,36.5889680000091,42.5437519999841,-123.272761999967,
15.5149429999765,31.7982600000005,30.6979500000079,31.0666909999827,-132.264625999999,
13.985680999991,20.5619049999877,22.4390830000048,24.7667070000161,-88.7763339999856,
30.1352010000173,18.5127660000062,21.1167950000145,19.9675599999819,-92.7508249999892,
21.3819040000044,20.6452319999798,25.3852930000257,23.5941970000085,-95.0860859999866,
27.1745710000241,27.135054000003,23.9656280000063,22.6461429999808,-97.356281000023,
24.0185870000278,34.6206910000083,32.4671809999809,30.142539999988,-109.218434000014,
30.7401380000319,26.0337949999976,26.2185069999741,23.9154899999976,-80.6578940000245,
38.5788619999812,34.7225710000148,16.0310239999826,24.2066009999962,-106.095366999974,
29.0557710000103,25.0864219999812,19.400637000007,23.385943000002,-111.147275000004,
29.7643919999891,27.6281130000443,29.971747999989,20.6733709999899,-90.5489100000104,
27.344170000023,47.3485619999938,25.773838999984,36.327921000041,-112.006438999994,
44.5142549999819,26.3211259999907,32.7219910000349,21.1708190000072,-124.128537999995,
30.5839189999715,19.4729610000204,32.3461650000318,27.3419459999923,-115.295311999996,
26.4336029999895,30.3271490000461,24.1288370000066,22.4644189999708,-97.6493999999866,
11.3108040000106,15.310459999997,19.2199519999995,22.9410009999865,-107.497443000018,
22.9891959999786,28.6851639999895,15.8773339999898,26.7357470000306,-85.6312810000009,
33.4942490000176,24.6453970000166,18.5156709999628,23.1144460000069,-95.1928649999836,
16.9416679999758,31.6361529999804,24.5760200000068,22.8191019999949,-86.2500499999751,
17.9213680000012,17.5929479999731,17.6934619999683,21.4768799999929,-83.2300519999762,
38.0835470000175,25.2282220000088,47.2220439999946,8.31305099998917,-119.368189000002,
15.4560689999689,17.8133819999921,15.3646139999992,24.3558660000081,-119.744505000004,
16.7586759999976,25.5129959999949,27.0534940000234,19.8590390000072,-87.0005860000292,
29.0068470000097,15.5465280000035,22.4202560000131,24.9566079999759,-67.147955999988,
28.2620909999878,19.2021819999945,13.8597680000121,28.4205930000189,-82.1802049999951,
19.2154209999808,32.4815730000155,26.4262339999914,24.9005160000161,-107.270185000019,
26.0097229999892,22.3400339999635,20.964361000033,31.2606219999716,-104.208798000009,
30.8947080000353,18.540391000005,32.6009709999971,15.0851629999697,-117.092957999991,
31.8277050000161,25.2150260000153,31.0081720000017,33.9900610000177,-91.2314480000096,
31.3691970000027,36.1682500000043,40.8077359999952,27.026576000002,-103.476167000001,
32.136243000029,23.3338999999878,25.8885739999841,28.0157270000545,-105.494516000006,
16.2092890000158,12.2398150000427,21.6887190000243,27.7165970000187,-85.8449360000213,
19.7047179999963,16.3372570000174,18.3380739999975,26.6917319999811,-111.070973000014,
23.8583970000118,25.369749000004,25.5774449999908,32.17211399997,-99.6115640000089,
20.3114080000259,26.1634549999717,23.4770179999732,18.3113519999742,-81.5485189999918,
29.5310879999815,15.3409220000176,18.3787860000184,29.1705389999961,-102.355141999999,
26.7494699999934,27.0792989999754,32.317215999974,25.944964999997,-98.1184639999719,
35.7732109999943,17.2020970000003,24.4621019999913,26.5813400000243,-71.2323630000255,
23.3826779999727,27.4145950000066,13.7835889999551,13.2523649999739,-90.1476249999942,
33.5488660000019,25.7093360000008,29.8012359999593,25.1617539999625,-102.299822999989,
19.0649530000046,25.4111019999673,26.6837979999909,24.1830500000306,-110.24952900001,
26.5298910000174,26.3931490000123,22.5576989999909,21.3853720000197,-112.644185999985,
26.360445000013,26.9192710000443,27.7870239999775,32.5051320000148,-84.3833709999763,
30.0994970000065,17.728689000005,24.5555309999763,26.4387830000132,-105.314186000023,
22.3272029999716,18.9780169999776,32.8846609999719,33.6203159999777,-107.423439000048,
28.2295249999697,22.963346999958,16.4090229999783,24.1397130000223,-113.96189299998,
15.1813389999807,23.2019610000307,32.2936420000033,14.6872090000006,-112.045935999966,
37.9788530000151,29.2339089999923,23.1978380000264,18.0538689999948,-92.8869219999851,
16.9851089999756,30.7704369999619,21.0083220000133,20.0940439999285,-90.5092579999773,
25.8917619999893,33.7481780000016,14.3153440000042,28.9794399999628,-124.754288999979,
24.334931000004,9.72980700000244,24.2657599999739,35.5140640000218,-90.0600290000129,
28.2198150000186,12.3696640000107,26.4984589999876,24.0610090000018,-94.4341059999897,
29.8534569999902,13.778892000013,31.4545700000099,39.9774280000001,-122.978070000003,
26.2111450000193,26.4585080000106,26.489591000025,23.6388220000035,-94.6742089999843,
18.3494269999983,21.6959859999897,19.1552339999835,30.9196850000208,-91.3711479999793,
20.9482020000087,19.306848999965,29.1041099999748,19.3452299999935,-101.426032999999,
30.6213799999987,22.4425419999852,20.8857609999959,11.3584859999892,-97.008456000005,
22.2042519999877,14.0363319999797,22.8366050000323,27.2388849999916,-107.741160999994,
27.8828470000099,23.6191350000317,22.9264600000006,21.0981599999877,-104.447001999993,
22.8058540000084,20.3212729999823,19.8806380000296,18.0004849999723,-104.570583999992,
24.7492199999997,26.6802299999799,31.4789440000068,25.0598660000151,-123.403881000031,
20.1764199999989,26.6819829999758,28.9123199999885,25.1792800000103,-81.9091589999944,
32.900435999999,16.9135389999738,30.3370390000136,25.2289779999974,-80.461348999992,
21.2119569999832,24.8236319999924,15.9994879999813,19.5056359999689,-113.986733000003,
21.3595479999994,37.0080019999659,38.6953839999969,14.1037190000061,-100.089976000004,
26.9865759999975,22.9704840000049,27.5379020000055,31.0507240000106,-100.665783999996,
17.0145010000251,19.3552369999916,32.9021290000037,24.7389029999749,-93.1089449999863,
23.3942869999983,29.0784460000223,34.7801239999844,25.1770210000277,-116.027070999998,
22.9428439999811,15.373641000022,22.562758999974,25.2416560000011,-103.693026000015,
29.1337799999901,24.4230699999734,25.5965029999652,21.2070420000027,-122.403265999997,
30.196294999997,17.3747560000211,25.105654999993,16.5224910000225,-103.619175000004,
18.9599630000166,22.5569150000019,22.2372150000256,19.9576150000257,-86.1241789999849,
24.3124480000124,23.6627039999903,20.4322529999581,19.4612850000331,-121.882307999998,
31.4157509999968,29.8877630000188,15.5283549999658,16.7561430000069,-93.2166340000331,
27.4881430000505,26.119714999978,26.7350280000273,29.7755529999968,-106.547207999982,
19.4717310000015,23.8880339999751,20.5072359999904,25.4582660000324,-106.424393000008,
20.6968099999958,17.8409520000287,24.4173979999696,31.4847850000069,-101.107483000007,
21.8968349999977,26.5747930000098,32.7659809999914,15.8339440000118,-96.0121119999703,
22.3878529999674,39.9139389999946,29.1176429999996,29.9411019999598,-120.334873999994,
20.8805590000229,22.5770789999742,18.6428440000018,19.3525630000195,-86.5529479999932,
24.8864130000002,29.3080119999895,25.888554000001,28.9809119999609,-108.24948299997,
8.52513699998508,36.0105590000276,13.5905589999948,39.237823000014,-146.64104600001,
36.2761459999892,29.5181849999917,23.3121129999854,19.0917430000027,-120.084399000026,
26.5648809999993,36.5414749999845,21.0030140000199,17.8399060000093,-98.9057950000242,
24.1566000000093,30.2399019999739,12.5138340000058,25.5776709999955,-91.9670200000237,
34.4133690000044,29.7719930000058,31.0012400000105,31.0580650000211,-83.4428809999836,
21.9812070000389,21.0253880000228,23.6565919999621,25.009022000022,-100.260969000041,
29.9658329999902,31.8464519999934,20.2435759999962,16.7901679999695,-87.8485820000233,
29.5091909999974,27.1506839999829,31.0139060000029,30.0291720000114,-108.410619999997,
32.0371979999945,13.041645999996,30.2193930000258,35.547488000002,-90.3900590000085,
34.3723069999942,12.4884260000317,25.31539600001,18.6202540000095,-112.964095000023,
27.8093130000152,29.6767680000057,34.5987739999828,21.3271990000148,-89.3725189999668,
24.0252350000046,30.3475059999937,30.8509369999774,23.3487170000144,-87.1615949999987,
25.0844489999981,27.3366090000154,23.0251000000353,20.7055779999646,-99.3894400000481,
25.3782660000215,30.5924369999821,33.8344890000208,35.9617709999911,-117.589705000006,
29.1455030000161,28.6463529999992,26.1978229999841,23.918167999992,-82.2821429999658,
28.7917540000135,21.3611060000321,28.2360300000091,26.3953330000177,-107.941692000024,
25.220733000052,26.6281879999606,24.7440080000188,36.7919920000022,-103.510969000033,
30.5272449999966,34.3968039999727,9.60149699995691,46.1901590000371,-97.161930000022,
26.0346419999823,28.2409439999947,13.4021640000183,26.5878970000067,-115.847785999989,
29.5406380000086,12.5126790000131,24.2591490000304,31.5335370000221,-98.9407179999807,
19.8430169999992,24.2914709999804,24.0215320000261,26.6101330000129,-79.1422910000165,
18.6690090000266,31.3835609999933,19.0102829999851,25.3209320000005,-86.9418539999951,
21.4085830000258,26.1742509999967,23.4064420000323,24.4754710000143,-95.7214239999985,
35.0885159999871,23.9729250000291,52.4913449999758,23.8693500000263,-95.2331920000188,
32.0623970000061,32.7851910000199,31.3449529999998,29.4019720000178,-108.998344999998,
13.9981209999596,15.5404659999913,33.2996259999982,27.7106480000357,-89.9308919999921,
19.9412060000441,27.1163070000184,15.9363139999896,15.8087630000118,-106.735010999995,
19.6695640000198,28.7530259999921,25.9455760000255,21.7921490000281,-98.2884290000229,
32.9042779999763,27.2020089999996,29.4719590000068,41.3028319999848,-129.599260000036,
30.4634310000502,24.9068959999649,17.2225510000426,36.6092490000055,-87.0661370000007,
26.5746719999843,19.8902889999799,21.8507419999687,24.1131939999941,-102.537849999974,
26.7076290000023,24.6930529999672,34.7239670000445,36.7619659999827,-94.6841659999836,
31.1530089999596,28.0299220000152,24.5572599999969,28.4829039999922,-118.681879999957,
31.1183579999915,25.639008999955,24.494263999999,35.8468010000179,-97.1032040000255,
20.289856999977,9.94844999999714,21.2209980000162,25.8498099999642,-107.356512000009,
19.4460089999993,27.9804590000022,29.159308999986,28.1724080000067,-82.0825400000103,
28.4589990000004,33.5977190000131,18.2395119999846,23.8468539999758,-100.534270000007,
23.865232999975,23.6731619999746,38.271113999991,15.6675040000346,-109.790695999998,
18.0271820000116,21.2403049999939,25.5393110000323,25.6982349999944,-100.86883399999,
27.7464929999951,36.2593939999788,23.6637689999889,24.4095259999813,-119.99872799999,
16.1299710000094,22.1919029999826,19.2608980000032,23.747594999988,-85.4381179999855,
22.137301000017,18.0205210000149,20.4104199999838,22.1226879999676,-110.948864000006,
18.862816000018,34.3109700000059,28.8045929999944,23.7748810000148,-95.6866790000031,
22.3111689999851,17.5824349999957,26.0789070000237,21.9655869999933,-96.301337999992,
25.4911639999982,21.2900660000423,23.4315199999492,21.8985900000207,-110.269793999996,
24.7657519999902,20.5532719999655,30.6917080000385,21.2208490000276,-98.4484909999765,
12.3700090000066,31.244629000018,26.3549930000199,12.3700090000066,-89.6959230000348,
25.5046359999924,21.6510069999813,27.8067789999905,23.5237169999764,-129.916785000008,
29.2275629999594,18.1705939999638,24.7353939999848,23.4163689999577,-127.492249000028,
31.6532360000147,23.484659000007,27.4839499999789,27.962921999997,-125.796410999951,
29.7497009999943,28.643007000017,18.3673470000094,33.9912949999889,-105.461799000028,
24.0289729999713,24.19073200002,25.9174980000034,41.7059370000043,-89.9259920000059,
26.3521370000353,22.167635999971,22.167635999971,25.8962730000221,-99.9408259999973,
27.8262500000237,28.6793180000041,26.6880560000054,39.6129179999843,-88.9684549999902,
25.5394540000052,22.1663779999672,28.8145779999995,19.6016250000166,-108.120807,
34.0800739999895,38.5892250000197,22.4126439999845,28.5249800000083,-105.65972600001,
31.8378830000356,23.1906519999748,28.5775300000123,23.2711850000096,-90.6962149999745,
18.2287219999916,26.1743019999885,25.5000349999937,20.155100000019,-81.6430850000243,
6.52413399997022,32.127161999998,32.3162170000069,29.6252050000185,-103.646916000036,
28.9296090000289,23.8583470000012,24.1145709999928,21.4942079999946,-106.303044000012,
22.3521249999803,28.3407900000029,28.2344640000074,28.0004600000175,-101.339537999995,
16.632180000026,32.1127600000082,17.2158550000249,13.9658760000248,-92.828459000013,
21.9333349999897,33.0621529999789,21.806967999999,24.394765,-79.6128079999653,
11.5236739999827,23.5094760000457,28.6405109999896,18.8581460000114,-92.1771879999906,
15.806789000012,26.6039620000192,26.3587300000436,21.6120679999758,-92.7637070000264,
21.8299939999852,22.9339440000022,14.8472489999831,32.1548350000003,-85.3928709999773,
25.9958689999667,26.8296880000216,47.5316219999859,28.3836469999733,-98.7437769999942,
30.148876000032,20.8405530000027,28.7378160000044,38.0409909999771,-112.296758999977,
27.3776580000358,27.6745370000144,24.7871799999648,22.3981589999876,-94.1728180000373,
11.7611190000107,23.989094000005,36.5460370000083,18.506220999996,-97.0365100000263,
28.8836310000097,34.33912099999,20.4000950000036,31.4910059999984,-110.143184000005,
25.1781279999823,33.5630040000005,30.0859609999889,11.4664650000341,-100.249420000002,
23.4184759999825,23.0217540000167,42.1550310000366,30.1299089999829,-98.8982809999716,
21.4417070000136,19.4965079999665,20.9541919999838,30.6831919999613,-87.1756309999773,
25.2390219999879,27.108544000027,20.378034999977,26.5508720000034,-81.2441360000312,
22.0129079999779,21.3658990000022,39.5277959999767,34.4332040000036,-112.812609999956,
33.6473019999867,34.5772680000209,33.6596189999964,21.7296259999921,-128.468299999998,
21.5014539999956,26.3759720000189,14.7731269999886,13.5173759999971,-94.1780040000294,
45.3729889999713,22.3229099999935,29.9391699999796,22.9634050000059,-86.4942789999941,
21.2761039999741,26.1923109999971,27.5296109999754,22.7134810000071,-98.7286609999901,
20.6307430000215,33.4074350000074,29.6127699999997,18.1152770000026,-89.8485680000067,
39.89103599995,31.3070299999699,41.9916019999691,42.3919639999722,-125.135178999986,
31.5374539999875,26.775364999984,18.6935670000394,33.6906849999732,-82.7117520000083,
33.3490369999618,21.4797190000245,23.8399380000319,33.3769610000563,-92.3309090000112,
24.0467870000248,26.2731209999674,23.7345950000063,25.9211609999911,-94.7852300000222,
26.0736019999958,26.3286849999986,29.5115800000158,27.11969400002,-117.178313000039,
22.3260189999937,18.6033409999809,26.220164000003,24.025846000015,-76.9108359999818,
27.0181590000093,16.9579540000177,30.4348130000153,22.8781910000134,-103.703798000033,
16.7046759999475,12.0170759999974,20.803516999973,18.3605709999865,-89.8902440000093,
21.3235570000115,30.2657739999859,32.2266279999794,19.4874260000006,-86.4603669999869,
23.6020540000018,10.3421690000259,19.2264289999812,27.8576030000049,-82.1822270000002,
22.3243420000135,28.0154200000034,25.6028270000088,31.7176389999813,-94.9273250000097,
37.0766670000203,31.6806609999931,19.8230840000133,19.8702379999613,-82.5360539999692,
28.46457499999,15.3828439999879,21.8770480000067,50.3650100000223,-98.5757089999806,
28.8730909999676,18.6957290000109,25.6409649999741,17.7929399999739,-113.095756000032,
23.0305669999816,16.5751399999626,43.6338060000198,16.9809200000309,-104.807133999999,
31.4958359999864,24.5287989999679,24.9579939999594,16.7049620000271,-93.7664109999723,
31.5490159999808,29.2578440000179,25.3229279999869,24.279519000007,-106.571874999986,
24.7270589999944,25.8587130000051,25.2962059999945,27.3859890000067,-76.1605579999987,
26.4430670000238,26.2689529999898,19.6220570000078,12.1477190000169,-80.589308000006,
14.6465519999983,40.7574970000023,19.9668590000047,22.4188609999828,-94.4865330000448,
25.5009570000066,17.659719999976,29.6970279999896,27.3080060000493,-106.404597999994,
18.1753920000401,16.7328530000004,33.6286230000042,22.0703339999764,-87.4458349999895,
24.7211850000185,23.7743920000275,16.774102999977,28.6962789999925,-92.0851859999921,
23.3821549999802,10.7981679999793,37.3777399999963,26.6611890000222,-117.078216999999,
25.9550580000359,20.2601259999828,21.3293650000005,20.7832400000389,-73.1602879999882,
20.5396640000072,20.4038480000163,18.1324069999964,24.8024499999856,-83.6336169999922,
22.3851500000064,25.6255600000004,24.6697160000185,26.0487969999713,-99.3020060000008,
24.0170270000135,15.2536459999747,23.9512099999829,21.1931179999874,-70.1983129999726,
25.9272739999806,30.6972130000058,30.267553000007,29.8461990000133,-84.7331569999897,
22.024175000015,25.7101429999957,18.8906929999857,25.8559910000158,-94.6706590000331,
37.448415000028,24.7013130000041,11.6231460000308,20.0906349999941,-97.3005490000032,
24.4021719999937,25.2279399999652,21.0903120000294,30.781522999996,-90.951575999984,
19.1168549999857,29.5911970000079,17.9013120000309,24.8192380000082,-83.4063970000143,
25.9219210000238,23.3162219999731,36.9763250000078,20.4533239999791,-96.9734779999935,
17.6068369999839,23.7073849999651,19.39642000003,21.4728550000009,-86.0153340000479,
20.084892000019,37.7866190000132,35.1388610000067,32.8121360000077,-108.457631999958,
25.1526829999793,28.0904500000042,16.2379020000144,37.9043739999734,-108.449633000027,
22.439789,19.5726879999884,21.0943840000173,21.8582259999948,-90.6698540000089,
20.6832229999955,22.0649950000115,26.3404410000021,21.0560249999944,-98.7447449999836,
24.6008070000435,16.1905839999581,25.2088949999979,22.9349929999889,-95.1509309999819,
19.9173619999738,37.5432400000009,16.8080230000423,24.9547469999925,-102.931372999995,
28.1323700000239,22.5364290000134,20.9949940000224,28.1152480000146,-94.1668900000213,
19.382053999946,22.6548559999983,20.9989209999949,21.15755300002,-95.1457700000201,
25.3202589999964,21.8418070000016,15.402076000013,18.3047069999939,-96.8846830000257,
19.6004900000089,28.9160570000095,35.9907080000012,26.3412939999871,-104.600984000024,
17.1137619999845,20.0818299999901,25.8936280000062,20.7440469999701,-92.2320960000197,
19.7527399999817,25.3594070000054,20.3914730000142,17.585826999989,-71.5148639999688,
20.788410000011,26.7088310000045,35.7049800000295,25.1149619999705,-102.278513000006,
16.6919359999629,16.6919359999629,25.3876190000083,30.1966059999932,-108.20831899999,
23.2218910000402,15.2864520000076,18.2309300000234,17.3224999999793,-87.0280099999991,
22.8204079999787,31.0243709999604,17.1141979999911,18.7101750000356,-109.999521999989,
33.0169730000043,25.6070269999927,20.5790729999862,25.4089020000165,-100.619249999982,
25.1227059999919,34.9401520000019,21.5020129999903,17.1240949999983,-78.4738299999999,
32.6752069999848,17.9401910000151,26.4290539999984,38.6220239999693,-93.370859000006,
18.8832450000273,27.4161719999884,27.5496020000019,25.6517279999862,-120.644259000039,
20.4419980000594,26.5145599999869,14.3016010000338,22.0120329999927,-100.216999999994,
26.9603579999766,21.2676709999896,19.5203650000421,22.2358319999903,-94.8330699999869,
23.7785729999705,16.8743320000012,19.2148970000053,17.6366149999958,-87.7167560000071,
41.0713170000108,28.8906569999954,25.2984389999801,24.3388609999647,-80.4507390000272,
20.7287040000101,38.1803389999923,44.5404510000226,27.7653539999983,-109.971944000004,
12.7701989999841,35.8369109999921,27.0451659999871,25.146087999984,-117.417781000006,
23.035333000038,16.7403470000008,21.7054580000195,22.916112000019,-106.323837000041,
28.2496609999998,22.7518259999806,12.6618520000129,26.9544359999936,-76.7462210000258,
21.6036670000021,34.2035710000191,26.6618090000338,22.4381689999827,-107.437776000001,
24.2925509999804,10.8850459999794,18.9852479999836,27.8727410000147,-121.04705799999,
26.0686540000124,29.5394399999996,26.0663940000131,25.6412700000546,-105.917896000014,
18.7641790000189,20.2883529999981,25.4512620000078,19.9304390000079,-81.1321650000427,
27.3864969999831,28.6542889999691,26.3038960000003,28.2775299999985,-117.936923000025,
23.8823270000057,20.7221880000088,23.767170999985,14.2580510000198,-106.766546999997,
20.163214999965,22.4255669999939,21.7161149999956,22.328635000028,-96.1878199999646,
34.4008580000127,24.3742440000096,28.5434630000091,25.8433860000023,-129.27964400002,
25.0318210000187,23.2992660000073,22.4798199999905,18.3070119999902,-96.4148570000207,
22.6042240000024,22.0361770000418,12.4214920000059,20.737613999996,-92.790125999988,
29.2188910000004,36.3526009999805,10.6767629999986,28.9637659999908,-102.748034999991,
28.056394000002,13.8633310000041,20.7921439999909,23.488448000011,-106.594834,
45.5292749999826,35.0290169999971,28.6571879999701,35.0290169999971,-114.030092000003,
32.8601560000006,21.615995999975,27.5825580000146,12.2142660000281,-82.223780999987,
30.6062339999944,20.5368120000148,21.4649860000427,18.7879900000153,-100.485133,
14.9076540000297,17.9774059999954,28.2724269999708,24.3500489999869,-98.8235599999807,
18.6434429999772,29.4147029999795,24.3197220000384,22.4761220000064,-101.196233999962,
18.979837000009,35.9897680000113,22.0724730000011,27.8445140000285,-88.6708570000201,
27.584587999967,13.3809770000189,24.1185980000309,22.482580999962,-109.097052000004,
28.9605550000188,9.7476630000092,23.6935040000408,35.3574309999749,-115.001973999979,
25.9018410000235,29.3320000000231,14.7821510000031,19.8872280000269,-121.965312999973,
27.5887980000107,27.5385870000046,30.6715550000154,19.9317329999703,-123.009964999998,
24.2777970000061,29.4329360000283,30.0590469999815,6.86940599998707,-105.980029999988,
17.2794690000337,16.8280620000078,12.2150489999985,20.6606839999695,-95.3697559999573,
38.8044229999496,41.4587250000031,33.9642430000113,22.0269710000184,-103.999966000001,
12.4183389999889,22.3809369999772,28.1873830000195,34.760297999981,-112.587618000006,
19.8667469999364,19.470524000003,14.7516140000043,32.8304239999743,-93.4121439999863,
27.9855929999994,19.634201999992,19.3859229999998,29.8811549999891,-110.809727000003,
26.4256469999655,26.9512750000067,16.989548999989,24.2347780000027,-105.934272999995,
31.0399039999838,17.9501099999652,27.9373679999753,26.4314310000054,-101.680245000007,
24.3486099999936,32.3856650000071,24.5373449999761,13.6891830000113,-87.6061179999906,
26.9846719999969,25.8854320000255,19.9611419999937,28.1154419999984,-116.573617000001,
21.1519609999914,24.0325620000422,28.0756269999929,18.894999000011,-104.092849000038,
29.3523360000072,27.46639400002,19.464208999987,25.1594080000077,-122.626391000027,
18.287692000009,24.6667780000043,18.3103800000044,12.7723449999849,-85.9716769999923,
22.8898740000195,22.2566190000125,29.1658409999754,26.7749879999974,-104.740995000007,
23.2815649999884,27.7936119999686,26.0250420000102,23.1691560000081,-92.2778269999872,
21.7772360000326,13.5123609999846,25.5907460000089,26.303027999993,-95.5971159999763,
16.1191400000253,25.4664710000143,31.8061559999796,28.1036070000127,-76.7228149999983,
25.9938399999855,13.4631710000358,38.6911299999738,35.2716869999958,-122.624119,
21.7553269999835,29.298845000003,23.9650520000414,28.7806110000265,-112.174490000001,
24.0597259999895,31.3014610000082,33.1171070000128,22.9537690000143,-111.054012000022,
27.1592209999972,23.1151599999775,28.1760040000199,23.826807000024,-95.9163329999883,
20.8867919999857,24.3442049999821,22.9847700000064,18.9994540000225,-124.023916999971,
25.3138159999826,13.7613509999655,23.0016109999833,30.1680559999877,-98.2840569999844,
36.9199620000372,26.296002000011,19.0660960000287,19.7711770000187,-78.0748029999968,
28.3173109999834,19.7182479999956,19.7182479999956,20.5457540000016,-119.474852999962,
27.8206249999839,20.5167190000084,26.3267860000142,17.8010590000067,-89.7101830000111,
19.8947009999602,29.7501010000105,19.9607950000018,17.334693999991,-107.982586000021,
25.3496489999843,30.4114020000143,27.8737939999928,20.5710909999543,-114.952927000009,
23.071844999984,23.6668739999841,36.3262029999896,18.3490080000074,-110.11847200002,
25.8717209999832,29.6199489999726,30.1454870000052,17.2994390000131,-101.594911999963,
31.5167839999849,14.6200350000008,27.5529010000155,25.1838300000363,-116.406020999984,
25.2765279999812,20.0653240000147,29.5456149999691,21.4629960000057,-95.46084899998,
21.7182319999611,21.7989979999838,26.3042769999875,25.6672119999657,-90.6632380000065,
14.1751070000228,21.5540439999741,21.5540439999741,22.2413649999799,-96.823775999972,
27.919891000025,27.9467360000317,25.2469510000383,24.3072870000015,-105.00474799999,
21.8500699999822,28.1728079999912,21.7604630000051,21.8938150000049,-127.239291000012,
32.2813869999973,36.1662220000089,31.24799300001,26.5249249999633,-121.539319000016,
22.9468470000302,19.9418379999879,23.6170869999769,25.8209290000113,-102.038455000001,
24.5142179999948,19.3222269999687,21.0121920000247,19.7355829999833,-103.850729000013,
11.5866159999832,20.2109169999767,24.8599560000202,16.6640520000101,-78.8946510000096,
22.5154820000171,36.507329,23.196499000007,27.0840600000101,-76.5894000000053,
21.7191369999746,15.6862059999603,23.6717349999908,13.2052219999887,-89.7283230000039,
9.89929799999027,22.9395770000347,28.8464099999901,29.225292000031,-83.8131019999782,
26.4280049999852,28.8365669999594,20.3660309999404,27.1298060000208,-101.577505000007,
22.6045960000256,27.8138819999767,23.2044910000013,26.4636319999699,-142.862030000035,
25.8598989999964,32.4091999999882,37.3616789999523,24.5896649999886,-96.8632779999834,
22.2174459999733,20.7544020000159,26.6010339999712,13.6803429999918,-96.919861999987,
22.4541640000143,13.5711300000203,20.9527510000335,28.8700649999791,-137.885274999971,
18.2255010000054,26.9359669999958,22.4073370000251,23.2713759999906,-84.475152999973,
18.9783830000088,30.0683309999595,22.7923659999851,32.4266739999648,-112.294745000011,
28.9626870000211,15.1663549999948,27.8235239999813,28.9479280000151,-111.822506000029,
29.5777939999562,29.9293500000076,35.1107259999762,21.5999829999882,-92.4017050000048,
11.2251600000072,22.0036900000023,25.1411680000283,36.5543050000015,-105.37262899999,
22.4443370000108,25.3448830000007,25.4028630000212,22.9135090000182,-115.411567999991,
25.2099180000068,25.5810940000374,25.5810940000374,37.7177879999745,-119.238561999985,
15.0535809999919,34.127150000023,21.0488369999939,26.0312709999926,-104.936782000011,
17.6374659999874,18.9976450000204,39.3932030000005,25.523887999997,-98.0741230000158,
28.3438959999685,34.1977059999854,26.9203009999965,29.8043589999843,-111.826626000012,
23.9559869999948,19.1698689999903,18.8147310000022,23.9990860000125,-92.1641579999805,
17.1251900000216,28.2381570000089,21.5119740000137,35.5436540000119,-110.977760000002,
27.758744999991,37.2876230000084,23.4640549999767,28.8408269999918,-101.734070000004,
28.6961430000183,30.7591049999883,28.8190029999814,8.27081700002145,-100.219058000015,
24.782943000032,19.6093319999727,19.9893969999848,23.5965159999851,-93.7193099999713,
30.3544809999812,25.6499130000338,34.6375219999909,21.2504650000183,-111.114648999967,
33.2438759999841,26.9770190000272,18.4343860000281,17.9874789999976,-96.6921080000056,
19.2915830000147,21.6702929999901,38.4585929999839,38.4585929999839,-114.552772000006,
25.3771510000061,33.3854650000167,27.13047799998,22.0359429999799,-106.883437999995,
19.2867120000074,13.8323600000185,24.3922729999767,29.7523869999841,-87.5482050000273,
23.1704750000708,26.8182279999919,28.3093579999695,21.2192489999916,-93.0470099999966,
15.0687709999875,16.1030489999757,35.9103419999637,29.207351,-93.8256139999767,
31.7283800000214,24.809127999979,45.5471420000167,27.115224000011,-103.509555000019,
40.7836269999989,32.6929580000024,19.651170999995,40.400638999984,-123.064965000019,
14.2502550000163,29.3324890000013,37.9613040000031,23.6095879999775,-107.606599999981,
26.1852970000127,19.4394579999971,36.4979680000006,29.8401970000114,-105.303226000024,
24.3870540000107,23.0694650000059,14.0292989999925,19.7990119999949,-97.5551959999984,
32.3155219999699,27.3659739999812,24.8131680000024,26.8923810000006,-97.9260770000265,
13.5369129999835,32.7376170000043,31.2806339999861,19.1865960000096,-100.959815999999,
15.6827800000246,27.4487569999937,21.562034999999,28.6160209999962,-95.8432429999739,
22.3120950000102,26.7663059999904,17.4967240000151,27.306884999969,-114.729449999991,
19.4866630000306,18.4481930000165,24.1375680000283,18.2341249999627,-74.7912780000106,
25.7418999999873,31.0665120000131,33.6645369999978,23.0742610000179,-147.516782000002,
29.9603539999898,33.9970660000081,29.6120320000055,25.5271769999945,-118.221524000008,
37.7205790000162,36.2643320000188,30.3295449999932,32.017738000025,-114.253826999981,
39.5101429999822,30.1800099999873,18.0747889999793,27.9323370000066,-120.77827600004,
25.358777000004,26.4565560000419,29.0919379999559,29.9588279999907,-99.88535399999,
29.2989000000134,19.2086899999931,18.7132859999783,20.4798480000272,-81.8141970000188,
30.4565289999973,16.0279649999775,27.1447370000151,24.2135730000045,-107.242516000027,
31.473565000013,22.4234910000068,35.9409909999613,24.9065639999999,-102.363981999995,
18.3599309999963,20.6684770000074,23.3964280000209,23.6792810000106,-86.1203119999846,
33.3290459999362,21.343643999985,35.2988309999882,26.8728629999741,-100.170687000018,
12.0552709999911,20.3050669999784,31.2900469999786,26.4384289999998,-103.386577999971,
21.5357689999892,32.7746549999938,23.1295739999887,30.3903079999918,-87.4469739999759,
26.0208430000121,14.6395160000084,27.6077550000036,24.3290050000414,-109.726076999965,
19.7344169999824,19.0987599999999,21.8822559999999,27.8722840000128,-118.394759999993,
30.1336349999765,29.2458700000025,36.2350039999847,9.63643499999489,-108.798775999975,
36.4856339999787,29.0863159999826,18.9220730000279,30.7806739999605,-85.8204379999625,
21.8624950000249,40.0275299999712,21.5197150000313,28.8859799999782,-121.902399000025,
22.9105919999865,22.0264739999793,27.4782149999883,14.3901659999783,-84.667863000017,
27.2499390000148,26.941143,21.1370990000169,16.0293090000259,-98.3465699999879,
30.0784699999813,32.16738299999,23.8965300000118,20.0700619999971,-103.25650800002,
36.456495999998,23.6576890000042,31.9805409999981,24.0712979999698,-134.287794999996,
26.7714580000147,18.3144840000032,23.8703780000005,26.9746320000131,-93.2979249999944,
20.399849000004,20.399849000004,33.1521790000024,20.1241329999893,-125.930355999997,
13.5349320000105,25.1202819999899,16.8177549999764,22.1859490000061,-125.783762999979,
23.0281280000108,17.8370409999707,28.1554090000209,23.499990999996,-110.851397999982,
22.5535179999824,17.958201000014,24.0744019999893,25.9638280000008,-98.8703769999929,
18.3335870000092,26.4013230000255,17.4432559999732,23.0510980000154,-78.1241270000028,
20.9502570000277,18.1063240000003,28.4983750000174,28.9159949999703,-89.6034449999934,
24.9519379999829,16.8249059999971,36.5706839999984,30.4854740000274,-99.2132039999915,
14.2643439999965,18.8313370000142,22.3965659999758,22.6414419999901,-84.8445520000278,
21.2715410000128,30.1653650000198,24.3453849999705,19.6059759999716,-84.2339359999942,
22.7501270000002,19.690044000029,13.5982779999813,27.2723249999881,-96.1851000000288,
21.6991950000029,22.7448749999985,26.7151150000163,29.7459309999767,-105.28662799999,
19.3021659999822,25.671577999995,24.2458280000255,17.5966410000146,-98.7132830000482,
20.2834510000202,21.0684700000011,15.1689459999907,21.2914049999908,-116.005585999987,
26.8679729999994,18.8876329999775,22.2372669999659,16.127056999997,-113.724235000005,
20.2234350000172,13.9893410000195,21.1339580000276,31.5057120000174,-116.857590000001,
17.6929409999884,35.978352999995,19.0354130000078,22.6197200000224,-91.1464919999826,
19.2967720000215,24.1688680000025,36.8795339999961,36.143068999987,-73.7382800000323,
16.8369819999944,18.3392610000092,35.0453929999994,24.9934219999877,-96.5102340000121,
19.4001659999913,20.8169029999954,20.8174229999804,24.9109450000196,-86.8345979999713,
25.1295470000077,20.1914610000085,25.8182149999948,27.9317669999873,-92.3271929999992,
18.3227199999956,25.8916439999894,36.7522700000009,25.1755299999832,-94.6789080000253,
21.6885280000124,26.483314999984,28.9076320000104,19.4648040000156,-106.811018000019,
31.3756719999928,16.3109460000242,20.3090110000112,20.1721619999862,-86.3542530000004,
24.1678620000039,22.6549089999917,14.5611560000016,30.7910029999848,-89.0798549999681,
20.2819619999918,26.3112909999854,15.8799950000248,32.8924479999878,-80.5262599999623,
17.5163789999824,28.4741269999649,22.4922980000083,22.2692310000029,-111.270270000004,
25.710772999978,43.9965259999944,18.8227029999698,17.528615000002,-108.220123999981,
32.8689269999959,17.6779170000091,29.9855049999878,21.3604709999854,-116.096566000004,
25.5090340000197,20.1168690000104,38.0291219999999,15.5671400000147,-105.765988000019,
25.7463689999986,25.8403449999723,28.8614259999758,23.3280459999669,-131.661493999975,
22.3368599999758,24.793324999986,25.4566310000264,24.4322789999878,-110.96491200001,
22.1011850000277,28.6933749999989,17.9054169999836,27.5814190000201,-97.8827229999733,
21.4988680000006,20.7727139999988,26.6288910000094,27.6034729999938,-83.0796089999594,
23.9505040000058,21.4209160000219,19.2833040000269,17.3881239999982,-121.582814000012,
22.8301090000041,30.6121050000102,24.0620620000082,19.6013210000056,-96.688734000023,
20.8992170000402,8.87196999998287,24.0334750000002,20.9618600000076,-101.058044000008,
35.2222170000186,20.3295810000063,25.4003570000132,38.0190890000185,-140.457921000002,
16.4605640000118,29.1306580000073,32.7557419999921,16.4605640000118,-112.844460999986,
30.0023889999875,21.4073649999937,25.0485209999997,18.3038729999871,-90.7925939999723,
20.8960369999768,27.7752070000215,44.0415639999719,28.9985500000221,-107.229019000002,
21.1676449999868,28.532770999992,27.0182409999816,17.897446000009,-99.3197759999848,
17.9812870000424,27.6344499999814,16.4454099999866,30.7845230000012,-100.878594000023,
33.25702800001,24.7298180000125,33.4405480000041,30.768396000004,-122.551589999998,
33.3106270000017,29.9417819999981,22.0139440000139,29.0400730000101,-96.6157479999756,
31.3230209999801,19.9946949999949,20.5599029999985,27.8162799999518,-108.066812000006,
22.4232879999972,20.7361869999959,24.4378920000354,22.1595789999501,-88.321526999971,
34.6523310000184,22.3592679999838,26.927725999989,17.7541579999843,-101.635540999997,
27.7200180000218,17.022230999999,21.2219860000032,26.2405489999855,-94.2731669999785,
31.5893479999741,27.6254079999799,32.8134379999647,27.3113900000089,-98.8413860000046,
23.6707379999743,24.9464730000009,35.7975700000097,26.6124889999819,-97.5778809999765,
25.4403600000396,21.0532749999838,12.5419459999684,24.9224910000094,-74.0996359999854,
24.8684969999977,15.0457639999904,24.9501790000049,16.2655280000017,-76.6562049999766,
30.4504239999969,16.2910470000079,32.6331589999982,14.4667220000129,-102.970291000004,
28.6879749999916,13.397296999985,22.4630930000112,18.9971460000352,-76.2553110000181,
21.3689049999612,19.0168639999865,40.3363959999724,26.8566009999786,-100.53678099997,
17.2784040000097,23.3504130000074,18.245240999986,25.053281999948,-122.470880999981,
17.0207079999955,35.5169259999893,29.017052000002,19.1732099999999,-95.0098240000152,
27.4593419999956,34.1375969999863,23.1850789999799,20.5925139999763,-120.293615000025,
24.526794999987,20.3986589999886,38.8973720000222,7.33050300000377,-85.2389699999876,
24.3179480000217,14.8388270000141,26.1637590000082,16.8924140000163,-77.6168610000614,
18.8652230000007,19.9300739999908,21.4281739999942,25.5469419999772,-92.4941569999683,
26.3420079999905,32.0170300000154,34.2709560000048,15.1063520000116,-78.1141710000074,
32.5830390000074,36.3187519999783,19.6101780000117,31.3700789999966,-114.577760000017,
25.3251250000058,20.6552160000074,19.4727509999939,21.7768869999663,-101.075380000033,
28.9551220000012,34.9172489999937,42.0988849999958,40.6827019999801,-108.168950000011,
25.6804300000076,16.1843839999901,31.4872509999559,22.1510859999844,-115.103116000035,
25.6610940000028,22.3580619999775,28.1064569999862,16.2034369999928,-64.794150999981,
28.4352250000147,22.7506839999842,15.7784410000277,26.3642279999749,-119.584506,
32.3225400000183,33.5382189999855,26.5638559999907,12.1571529999892,-96.1667999999891,
14.7637979999854,23.6163069999911,33.4784619999982,14.1631749999697,-78.9423430000106,
17.4118440000002,27.5548050000098,13.5635259999854,29.6003799999926,-86.2706550000248,
33.0336039999574,24.5970139999981,20.7036550000221,30.2394040000081,-100.925399999983,
22.368606,28.1862570000076,31.0548930000332,14.7822369999749,-87.3631460000151,
25.4272759999931,22.9807640000454,10.148311999993,21.2831140000271,-76.3094469999651,
23.504050000035,18.7071339999975,30.7920889999705,28.330744000019,-110.743449000001,
26.7009669999798,36.6191820000104,20.6954420000275,36.8302479999729,-100.033135000002,
16.5309509999915,23.7435049999985,21.4793529999997,18.299607999993,-81.1346809999968,
19.2059760000284,34.5216820000087,28.0292169999884,25.109042000011,-94.2383700000191,
27.9730750000081,18.8513380000068,24.0168060000333,25.0783699999974,-110.681497000002,
28.7092300000113,33.0124990000049,18.9226159999553,26.3632720000087,-87.365166000016,
25.6375420000459,20.1952239999982,38.7785260000192,22.4412940000102,-108.740059999995,
33.231370999998,31.4481729999743,32.1690909999961,28.1328960000137,-97.6137330000247,
24.4145260000223,20.7730360000087,19.4462339999818,16.8479369999723,-86.257278000031,
13.6387940000004,17.5361349999748,17.5109069999926,23.3173569999763,-99.6921869999978,
27.2137640000219,27.1617840000363,39.5223210000386,29.4217880000051,-135.73393699998,
32.5955390000063,28.4211960000121,31.0173400000131,29.01699500005,-84.7541450000208,
32.0277399999895,26.5342070000015,23.5376949999472,26.8127180000001,-89.0044920000128,
34.5009929999715,30.0852920000361,20.5985559999972,21.2328580000112,-93.3843519999573,
27.9244019999896,27.7320089999839,17.5099569999802,25.7432970000064,-112.426146000001,
23.7964460000267,33.1410500000193,20.2100669999763,28.7889589999841,-84.0886010000213,
11.1364320000166,20.4018019999939,29.3127919999979,15.825000000038,-83.0914769999536,
37.6825610000196,26.0344129999958,21.1862209999972,16.8171360000115,-72.5483549999981,
15.9435019999728,32.1224530000027,17.0143650000218,17.9290130000109,-95.8509009999489,
29.2447520000251,21.1334499999839,23.979167000025,16.1668959999761,-97.2512350000043,
25.2023260000124,16.1823100000038,33.7350280000355,21.6812120000395,-110.629850000023,
18.3887319999858,16.5956029999934,16.5943129999596,16.5943129999596,-79.3781640000107,
17.3876650000284,20.2865569999994,25.3687959999916,25.3687959999916,-78.0275290000172,
30.9209769999788,31.207389000042,24.2198490000328,33.2890460000199,-92.8564220000071,
22.4548719999875,32.476237000009,14.2713699999822,24.8829180000102,-103.313241000001,
31.1655120000087,17.8469310000173,26.8313800000087,27.3305050000035,-98.0028039999988,
25.9294799999889,32.1182690000214,29.3889779999699,21.1590649999807,-119.038490999987,
23.0934250000255,21.2279310000067,23.6816339999732,29.7192719999985,-114.832533999984,
38.5188469999885,20.3260819999959,27.2589419999867,34.2605540000022,-121.401909000012,
19.0437789999723,13.4184540000015,19.3758299999718,23.7991920000195,-78.3857619999917,
40.7049779999788,35.6942920000174,30.0319290000316,27.6222109999972,-127.895675000002,
29.7716509999773,19.0175909999771,31.3436359999978,20.8922370000073,-149.127087000003,
23.3275929999836,27.6581980000183,26.9932390000249,28.3234450000173,-90.8112380000193,
38.1022200000189,30.128615999969,27.3806739999854,23.0509530000154,-116.521539999992,
21.6761530000022,11.6695299999892,26.1228540000084,30.7529820000254,-95.3554280000235,
30.2277610000119,15.4212440000047,24.5859220000166,22.6750059999831,-99.7205350000022,
24.8781630000303,23.9473770000086,31.6971520000034,28.206699000003,-98.6579050000119,
29.6562930000155,23.4174830000156,19.5255299999326,30.8889169999957,-124.678760000008,
24.7899569999963,37.7386959999903,33.6580770000501,18.5330469999617,-89.4978699999883,
33.6680159999742,26.9431880000329,20.9757150000114,25.8387779999857,-92.5737810000173,
26.0256719999825,27.8254190000016,37.4951939999683,19.5216009999767,-96.4680820000294,
24.5278079999616,21.5083549999817,19.547034000012,24.2345119999582,-82.783991000013,
24.1390150000061,17.7453569999934,19.4486780000243,23.9957459999969,-108.897827999979,
24.6243259999583,33.5140549999951,22.0109989999764,20.821986999953,-119.524454000017,
37.2598880000023,22.3910900000019,24.0896770000127,24.4408989999965,-106.808650000008,
26.6966479999955,31.5362279999763,23.6531209999839,29.3465100000203,-101.599894000016,
21.8273879999733,25.0206499999758,16.6881639999829,30.7753350000357,-96.1922669999849,
19.3674859999783,16.7445080000025,20.8902400000188,22.8976399999965,-82.3122789999879,
27.5382399999862,19.8427930000134,22.2046069999851,11.3636820000002,-105.822350000019,
24.5082980000225,30.9141050000198,34.0526220000047,23.564298999996,-120.480787000015,
22.6895409999806,37.6194010000117,31.1241179999979,28.7399590000268,-78.9336520000197,
28.9110369999944,18.152992999987,21.5206009999729,23.2608189999664,-106.439625000035,
12.1340899999859,20.1330460000217,31.8553010000123,27.907036999989,-95.2355610000377,
27.3117890000149,29.4131110000335,8.79635999999755,14.9212339999958,-115.511383999999,
24.5397340000291,22.8990259999782,19.5127919999841,16.4151929999953,-75.0327349999634,
27.9467519999898,12.5873760000095,30.8477529999946,22.0075949999909,-98.3903460000129,
28.7239839999947,35.1155970000173,27.0310830000035,19.6233519999842,-92.922480999986,
20.0628330000018,29.9523019999815,24.7377559999713,17.5624479999769,-103.422857999999,
25.3705909999953,28.0796149999824,20.5937229999845,23.6703330000109,-100.894166000016,
30.2540070000268,21.9832359999882,15.2908159999761,26.3573160000024,-100.137436999989,
22.6183479999991,19.1129770000216,24.5580750000345,14.5970630000184,-90.7764840000154,
22.8482100000201,17.492545999984,21.4632589999892,15.5652039999741,-102.205711999996,
18.2702729999874,24.6730310000175,15.1100300000335,20.2226220000084,-97.2973800000145,
27.4806359999757,26.2206119999928,15.3460420000065,24.9802679999984,-105.002027999981,
35.3547440000157,25.3708769999821,18.5162290000135,25.4157810000324,-92.4576110000089,
27.9998509999905,38.5809650000201,26.2536000000073,23.5594379999975,-119.67686299999,
27.5869669999956,32.8119519999955,26.7723660000283,30.7020509999957,-95.2362290000301,
17.9857920000104,33.1106969999919,32.9892440000094,38.334666000017,-114.02061000004,
21.1199719999931,18.3333070000208,26.522948999982,27.5295150000338,-96.3831950000049,
25.5166510000281,45.6640999999872,19.3292230000125,27.403175000004,-134.502411999987,
22.6122769999638,28.3740480000024,23.2037039999695,26.6858659999943,-74.8887000000132,
36.3068250000069,28.6282950000204,15.0284340000053,31.4934019999946,-123.808182000051,
17.7362400000402,19.8737729999875,15.2817339999792,13.9256019999875,-89.1381910000182,
16.5850580000115,17.617300999992,29.094468999996,21.2036679999937,-94.7818860000089,
23.6161199999988,26.9770010000429,17.9390800000083,15.5666739999851,-93.2550189999911,
22.4587060000204,21.3367739999867,36.5534210000051,29.7559320000164,-81.9462019999792,
17.7841900000303,14.6254030000109,28.3129509999862,23.9408080000012,-99.0054199999686,
24.4642959999856,27.7769810000073,29.3240540000024,28.2872919999845,-106.82419600001,
29.590160000027,31.2076139999999,29.7723840000235,20.6365340000084,-91.6457099999934,
23.1472490000051,22.63913400003,22.7618260000063,24.4837619999562,-105.339358,
24.8267910000077,15.5210369999786,14.8220389999833,32.8856019999957,-117.901345000008,
21.9171119999874,19.5159340000273,20.3716380000114,17.4181189999845,-89.4094479999703,
25.3416969999698,21.4010999999973,26.0321520000325,25.018608999997,-123.465242999982,
30.7655629999799,23.0141739999699,27.4559540000046,21.7206370000167,-75.5649969999695,
28.8763160000035,21.5672979999872,18.9818790000108,25.2194590000081,-77.8229129999845,
15.743549000018,26.3277840000219,21.2527499999778,23.3411370000058,-101.091658999997,
21.8679230000107,21.2810159999999,20.2749409999942,29.8952149999768,-122.262038999989,
10.2028520000022,20.8462779999936,25.4356700000098,9.83755300003577,-83.1778890000096,
25.7598590000107,33.0002839999743,23.0906850000001,26.4500730000054,-104.508809999981,
38.9253479999952,21.5170070000149,22.2708759999887,32.4121730000161,-101.132784999976,
20.1222810000045,33.7495010000312,26.7238439999819,23.8759380000074,-69.6834779999936,
22.5279300000193,24.4017740000463,23.2344600000206,22.2338899999886,-94.0632509999768,
21.799517999998,30.7401060000066,25.7078139999985,26.3920909999979,-129.310763,
25.8447410000099,16.0925109999926,24.0537429999686,23.4029489999975,-76.000502999982,
29.3789140000245,30.9950159999898,27.8315799999873,16.4210939999894,-98.5329229999734,
30.9113249999855,40.9501780000155,23.7086819999877,28.6135270000013,-102.914999999989,
25.2947950000207,27.4665519999771,19.7837590000081,24.6434960000051,-90.660320999983,
29.3672349999861,22.2030320000167,24.1426289999845,18.3174150000013,-105.114156000007,
33.6576339999956,20.7730010000041,24.3174189999627,23.9224330000252,-107.996721000001,
28.5990890000012,34.2218009999924,27.8400789999841,30.3478799999766,-106.978391000024,
37.2798429999757,28.5885490000182,25.8652649999849,39.5025500000038,-110.136591000002,
19.7594490000056,23.3615269999746,21.3494550000041,19.1302130000149,-106.184729000012,
33.4019880000042,26.7308709999852,18.4323260000001,19.1264040000369,-106.650005999994,
27.8058200000041,24.4133929999844,27.2496600000077,20.589522000012,-120.833787000006,
26.0056449999902,27.184132999997,30.1845460000095,11.8753279999646,-100.335458000016,
29.2116039999828,23.2396619999845,29.0454799999661,31.1593840000241,-81.5181840000296,
36.6832849999928,38.0761179999918,31.0244359999888,22.9934349999894,-101.893827999989,
25.7628130000139,15.5670409999902,29.2484859999895,21.8793559999685,-103.110841000017,
13.8499740000216,41.4992660000335,23.9078720000025,27.1299590000108,-92.7799450000284,
24.9735790000095,32.843120000005,36.9128109999629,17.4619100000127,-92.8466310000031,
30.8761939999913,19.3652660000107,27.3122079999994,27.1321250000074,-108.174230999955,
30.0898459999889,28.8463579999798,22.9101179999934,38.6152469999925,-117.676812000038,
20.939397999995,18.9830020000054,26.8137040000202,22.7161550000201,-101.792931999967,
30.0099289999916,28.7857309999981,29.8604270000324,21.2583059999779,-101.695966999978,
27.5357640000511,27.1869190000352,20.1298679999973,26.362407000016,-97.2451450000071,
25.1318980000033,28.219395999984,14.9159329999984,26.8235550000127,-94.2891530000079,
25.7574530000129,20.7511960000265,20.6325469999792,32.1913579999737,-109.271272999999,
36.1348589999725,23.4872799999875,24.0916860000316,24.3253770000038,-81.7118010000231,
28.8464809999932,21.9581090000129,14.6130989999874,26.0259460000107,-116.097078000021,
21.757322999988,29.3170529999752,16.6724849999873,19.7526459999854,-110.326484000031,
30.0852089999698,33.1754790000114,23.8789440000055,33.337839999992,-119.707098999987,
22.7777780000142,29.6010969999734,25.8091280000144,20.042196000024,-103.30679999996,
25.3629439999968,37.141167000018,20.562342000032,25.3531540000176,-83.7958880000042,
25.7755659999793,29.7586280000023,24.468073999974,16.8313379999699,-116.138409999981,
14.4897140000103,27.3783890000032,32.4343570000256,33.3272959999758,-94.9785450000109,
35.9592850000035,16.857332999989,16.857332999989,29.1443869999921,-107.40457499998,
26.2775039999906,37.6477060000043,29.7396199999912,29.9461339999834,-89.6404009999751,
31.7053159999696,25.9437260000168,27.3626480000057,20.0361699999821,-114.955057999992,
14.1517539999868,21.7515139999832,30.2629310000348,18.2680560000081,-93.6227240000035,
27.4273729999913,22.1396600000107,22.6009539999995,32.2049520000201,-95.8099170000078,
12.6128340000014,20.1124479999917,19.8655289999951,21.6669229999925,-95.9310940000078,
19.4690720000071,23.1388689999994,30.6007549999576,31.4028420000286,-110.298208999998,
27.4137980000314,26.4073550000076,24.8751279999824,27.0636320000103,-123.595549000006,
28.8226990000103,20.1705079999765,27.3477159999948,18.5522439999868,-111.082972000014,
21.7612880000152,32.2537630000415,26.2759439999591,24.9305950000089,-87.6083719999779,
25.8071429999945,25.8056350000106,42.1355920000296,15.6261860000332,-79.9901390000095,
32.8647039999933,26.1894040000261,19.1981899999901,31.0379660000053,-110.334685000011,
14.8256930000016,29.536553000009,28.4287510000131,23.5850839999803,-97.651394999988,
25.2873329999757,20.2687260000021,21.7284250000057,29.1872909999847,-88.866622000015,
11.8995419999919,24.071992000012,14.5775350000313,19.8307889999842,-79.7660339999702,
19.1292460000277,25.9266329999837,26.2987650000277,23.5438149999964,-82.8799890000082,
26.0342510000046,35.7326089999815,14.2892770000126,28.6916279999714,-91.4805419999893,
21.438679000009,20.5224709999748,31.2460079999846,21.1975049999846,-118.999174999984,
17.5039470000047,25.0055980000088,28.6837170000199,16.1022520000024,-93.6902689999888,
22.2549100000097,14.068099000031,19.00237500002,22.5075049999778,-92.8397020000148,
25.5888330000134,20.3463239999664,20.3463239999664,23.48823299996,-88.3536370000202,
15.8829480000168,26.6963389999528,15.3297190000258,19.0177549999726,-64.6255770000107,
28.853729999978,28.4278439999689,25.6649200000111,31.60892899999,-124.002454000022,
34.9206619999795,20.2947490000133,34.1334910000205,27.6842979999947,-119.859779000003,
19.463779000017,25.5197719999951,31.8013470000133,29.283606,-111.306683,
17.9295860000029,24.7356600000176,15.2709490000389,26.9659149999834,-122.940012000031,
27.5932629999652,20.8356830000012,20.8356830000012,19.3466710000257,-100.259925000008,
14.9490549999946,14.5701319999962,18.7015619999738,27.8381959999497,-77.0445170000094,
30.7945490000011,30.027005000009,21.342582999966,21.342582999966,-114.266419000011,
30.8665220000112,25.1609309999931,21.1721869999756,24.9191350000119,-102.613158000036,
23.9100649999982,26.3185710000089,26.7886100000087,28.6982789999893,-122.346268999974,
27.4396119999965,16.4749019999772,21.0999160000119,23.6807160000108,-107.396417000027,
20.2282689999793,25.0628739999747,23.5645439999853,9.86823699998513,-105.920322000004,
25.4288690000394,31.9326749999791,35.0820430000349,20.9357150000042,-82.2289130000036,
25.1848080000009,19.4072840000163,28.2266850000451,14.4430109999657,-95.7741370000031,
29.3058220000021,25.4375040000095,29.4924299999857,18.1838830000088,-105.42381600002,
34.0922759999949,33.3228130000116,22.9427979999755,17.238842000017,-95.8491129999811,
24.5183120000365,28.5379680000024,21.6343859999888,24.1726189999927,-106.533537000006,
40.1610560000072,27.5257310000252,19.0394770000048,30.1945210000131,-115.092450999983,
23.6784169999801,35.5714129999806,17.3050499999836,29.5426940000407,-83.410438000019,
21.9002230000078,22.4415470000058,25.4665450000011,16.1003160000128,-84.3873959999892,
27.9554970000054,31.3516359999685,30.733880999981,18.3267879999894,-126.524547,
38.5360039999887,24.3296629999968,36.367261999967,25.8458839999794,-136.984981999977,
19.0250020000194,30.8181649999779,28.8106170000092,19.4186360000213,-119.573419000001,
18.8384930000029,24.8987070000139,21.419897999981,25.2511510000004,-92.5550470000135,
14.4198329999817,25.6354539999948,16.3909450000083,18.0376370000085,-84.8213460000388,
42.2616390000085,19.8293899999817,22.3925809999773,26.7254290000274,-116.000035999989,
20.5554449999881,25.3435380000119,22.6774099999993,12.0546539999832,-99.7679050000106,
28.5728649999755,22.8111989999588,24.1995239999878,40.0496530000182,-114.349387999988,
26.214116000011,25.9202559999667,25.3836980000215,19.7518019999952,-102.571828000003,
33.4534119999944,22.4326000000019,18.3060689999702,33.3391760000068,-96.1655390000187,
19.9249500000124,17.0430839999808,26.4837579999903,21.0610709999628,-108.285984000018,
18.5913510000246,18.707711999974,15.7465150000189,25.8732469999914,-83.1666830000131,
23.2564259999817,24.2491699999919,20.355360999989,29.4200339999807,-90.9066829999974,
22.771532999961,24.492571000018,25.0187960000112,20.4615740000045,-99.5037780000303,
20.1439559999853,25.786060000004,20.7348210000264,16.5133669999532,-78.7569669999903,
38.9098770000128,27.6739709999856,34.0109069999689,15.8926010000187,-129.086227999994,
43.1132770000286,16.8590609999592,30.8151779999971,21.1743920000199,-104.153587000012,
32.4746940000114,22.2861999999814,29.5608919999986,24.4189739999738,-129.701962000006,
38.4184370000048,26.0129890000126,28.3951410000018,21.6427909999975,-85.0662550000143,
31.2379860000046,34.3742889999794,22.7166710000065,25.879277999994,-117.240542999996,
25.637647999989,23.9088920000013,22.423608000031,32.0469849999754,-115.011727000034,
21.6633819999779,17.6317520000102,19.6886919999906,14.8728930000143,-99.9521089999635,
13.6145050000032,17.8954350000186,19.9140190000371,27.6628580000288,-103.527916999979,
19.7946399999773,22.6401879999821,17.5413889999754,17.02836999996,-94.7728870000101,
35.0083710000272,16.4251120000026,16.1924330000047,25.1869819999838,-104.645546999988,
23.1836170000233,26.7366999999931,19.1830670000118,29.3151869999929,-104.532901999989,
18.8303149999911,19.1805360000089,17.4638579999664,25.9821289999791,-95.3208509999895,
29.6291799999999,26.1963570000034,33.0534550000057,37.7840500000266,-105.884281999984,
37.2069979999742,30.9135020000267,29.9970260000082,26.8248699999876,-100.991280999968,
23.2485010000028,15.9570770000173,21.7303460000148,18.5188469999912,-108.005623000028,
21.0715510000346,26.229405999994,29.9014460000462,18.3293469999817,-85.7985819999922,
27.3142519999965,22.7146049999747,15.9258029999773,21.5010350000193,-97.4331869999969,
24.8886089999878,19.3577009999854,15.26053400002,32.8209640000059,-84.1297130000066,
19.785062999983,31.4852340000061,37.6032189999914,30.9007200000142,-99.1083300000109,
34.0937019999956,30.0435790000247,27.5612830000027,20.1054580000555,-131.909269000011,
22.7612180000287,28.1852069999895,16.0273520000219,20.8334120000191,-83.5253249999896,
25.6858660000071,30.751724000017,26.9124560000082,23.6137360000166,-98.9307709999857,
32.1715170000161,34.9216569999726,19.3718710000139,25.9634609999985,-99.7744870000006,
31.54966099999,23.4368289999838,24.7965910000212,34.0837559999954,-108.139251000015,
29.8280349999877,26.1038549999912,27.1725550000083,29.6038009999902,-146.915224999962,
37.0208019999709,20.9987300000466,24.0288149999942,31.5490200000368,-115.501052999984,
26.8723370000052,25.1557560000147,20.4199699999881,32.9366999999647,-113.595678000012,
22.8687660000169,29.1206899999852,29.4305810000042,26.3119240000033,-101.311264999976,
25.4191619999774,23.6699970000227,25.4202279999718,29.7122410000429,-92.8310419999916,
32.6131289999776,23.7800090000082,16.8352829999458,19.1259990000362,-84.5308769999783,
14.5095689999744,25.2957519999818,25.3184529999717,25.6391040000035,-93.059968999989,
33.8103849999998,15.1151319999954,20.7441700000127,37.1561289999681,-113.795523000002,
29.3880219999937,28.9148609999929,29.3880219999937,34.0446170000141,-108.581173999979,
22.011397000002,20.469057000023,24.0973049999711,20.1717749999998,-76.1533759999957,
20.6900239999914,28.2246789999854,36.5337370000225,19.0840000000635,-106.819713000008,
22.5324539999956,18.4948810000114,32.0020120000318,25.0629069999823,-101.495975999981,
21.9952709999734,24.856836000039,25.0869310000226,32.5085610000015,-108.337381000014,
16.2478240000019,16.4445739999692,33.4567390000002,13.8553429999947,-93.0377239999943,
27.0827209999843,20.8330409999726,22.4500079999652,30.3123150000001,-104.784808999969,
29.4553759999908,42.721519000017,24.9097540000021,23.561856999986,-92.1948719999964,
22.6727290000254,28.662945999984,22.1154459999889,28.1290480000007,-102.608769999993,
17.621559999995,32.7513999999846,38.2705579999947,35.7722509999976,-120.537362999965,
15.3540159999793,17.6444760000177,21.6217889999807,29.9869860000026,-82.7437459999992,
14.2490019999996,24.2200460000058,26.4622660000123,29.5628099999758,-103.08687800003,
17.5254089999826,21.9552510000267,24.4064510000198,22.5786169999892,-96.253923000022,
13.860881999989,23.1654120000348,21.8438939999896,19.8749620000171,-83.4867640000075,
34.0992839999826,13.8174219999864,22.4146250000149,28.9086619999862,-111.208601000004,
22.8403439999929,24.541896999971,25.2484219999578,15.6090420000255,-87.000295000008,
27.1861379999746,26.2844640000103,21.1906219999482,28.6952630000078,-89.1904819999727,
23.2108590000007,21.6997009999741,28.7076660000012,17.9540759999709,-116.87955500003,
15.8411210000259,18.829168000012,29.6527639999867,27.9857100000081,-112.173425999991,
27.296232000007,32.7711489999992,22.1606470000052,26.0072770000024,-99.9848200000251,
11.2912009999764,22.3373880000072,15.4987319999927,26.8171670000193,-86.5740950000081,
22.9835699999994,20.2449009999764,23.1484509999755,27.9976410000208,-93.7514510000037,
31.5198729999865,20.4290850000025,36.2676140000558,32.8736989999861,-117.878066000001,
31.377222000011,26.957732000019,20.4170750000094,16.2786619999897,-111.609179999986,
11.9890590000032,18.8285180000457,22.4183279999943,18.0433910000165,-74.4554750000152,
25.681499000003,23.2665220000245,15.7241000000186,21.475689000019,-76.6367700000164,
25.174023999989,14.3784110000015,21.1454070000136,24.4694089999894,-112.745232999973,
38.1319359999879,28.7829319999819,30.8848830000097,18.7528480000128,-123.744303000014,
28.4450790000237,23.133157000002,32.8431460000011,31.1885900000098,-112.966722999981,
27.5208880000328,29.8027020000063,28.8781170000257,34.2152199999955,-115.339520999999,
19.733125999991,22.9766790000403,28.4528439999713,41.0955069999909,-123.879364000019,
21.500919999984,29.9689690000032,19.0905469999971,23.8620240000037,-111.437606999984,
14.8151599999755,29.6705220000167,16.9936520000247,13.8994199999834,-89.4941529999596,
25.7273330000389,30.5783469999815,18.5427070000069,20.6610529999989,-80.7666049999852,
15.2409200000247,37.915363999984,23.3206290000298,28.2776770000119,-104.396101999987,
24.876233999963,33.1968170000073,31.2582699999757,30.5943070000194,-126.586529000001,
21.7507610000039,23.0432729999766,27.3404959999907,30.3400109999811,-131.127898000046,
24.1122040000055,25.9639039999702,34.0448430000297,20.9509770000132,-98.6437750000314,
24.7542100000264,22.8636330000318,32.888595000024,36.354893000007,-88.4810509999634,
29.4039079999866,28.889112999962,33.1377320000074,42.4093510000084,-130.665133000007,
27.9198479999941,29.6792259999947,36.2048810000479,35.2867550000065,-111.139245999981,
26.9896860000308,35.4813379999832,24.0604079999994,28.3679330000114,-95.5128419999883,
18.2674960000086,22.3271199999854,29.5249579999963,16.2568450000153,-98.1188739999889,
26.3592239999543,19.5804349999826,22.3315629999897,29.7720269999836,-106.041894000019,
35.905553000016,12.3761900000254,13.5094650000101,32.5191249999771,-102.991345999986,
21.6472880000156,21.6586559999942,21.6017649999958,31.8298299999969,-97.1636900000058,
22.1918670000014,25.850796999981,18.1153220000151,27.6188969999994,-97.5884719999694,
20.9486889999971,39.3266020000019,32.7698480000081,32.8075410000138,-80.196839000012,
15.5466190000088,13.9150140000183,19.014072000029,20.4035879999956,-105.724316000043,
18.8250649999936,22.701568000004,28.1484800000107,28.8306350000203,-104.978752999982,
24.6476429999866,26.9425109999911,32.6598099999719,25.8554350000204,-108.625173999994,
27.2326129999774,27.2326129999774,24.2009379999881,23.465982999991,-99.5059019999762,
18.2517429999562,24.3820100000285,26.3189059999895,18.6761369999977,-117.767239000012,
26.3424860000105,20.539705999975,19.1427350000031,12.1415609999658,-89.6836140000014,
36.4234860000061,27.461727000029,32.6118150000057,32.4405109999925,-108.900409999971,
31.3821020000223,17.1338959999866,18.3025240000061,28.2171300000082,-98.4052100000017,
26.8638940000301,35.2433150000052,27.3389039999638,22.2304499999955,-120.61238,
24.8532340000265,21.3461209999741,21.4908789999954,18.1170530000172,-92.0823119999704,
15.6467479999637,19.0135039999668,29.308795000019,19.5630600000213,-86.3626470000208,
32.1328769999855,18.8233899999641,32.1328769999855,24.2910400000019,-105.85135100002,
37.676992000007,27.1664270000465,26.5591959999974,8.62892499997815,-112.387777000024,
18.7631380000175,30.1945910000059,30.0844959999995,26.5842630000052,-103.19326,
30.7026149999892,15.456438000002,26.4771870000122,30.6774479999849,-111.095861000014,
20.9073550000012,24.9636190000156,30.4401040000057,25.6474690000114,-108.785379000006,
27.2269439999709,35.3032509999712,31.7372760000235,27.8896480000067,-102.497605999993,
33.2417189999951,37.5105499999981,20.2692609999549,24.2839610000092,-116.412785999968,
28.8047929999912,26.3341799999562,24.6551439999585,21.4194870000092,-101.732418999978,
33.0474630000263,26.3606929999869,18.6190060000017,20.4031229999891,-92.7844700000041,
30.6530299999795,24.8139929999761,24.3188070000142,19.5632070000065,-100.751988000018,
19.5178619999897,25.7205639999902,26.1370340000067,15.4465710000341,-95.4367500000044,
18.8292759999795,26.9779220000128,25.8405880000082,25.3237789999839,-93.2455819999786,
16.4389060000403,30.4422970000205,27.7451150000297,25.0277939999814,-78.3929709999811,
28.3008119999868,18.2673559999639,19.5038960000147,29.2865440000242,-88.4590609999959,
21.1019920000044,23.8802519999963,34.6001210000086,26.5776940000178,-98.5064869999896,
28.0191880000139,31.2975560000223,21.462984000008,20.2217289999735,-91.9125160000003,
19.1976920000016,29.1158050000149,30.4747730000117,27.138053000026,-104.992214999977,
22.4980479999849,20.5845610000169,20.1568869999865,18.8228760000102,-104.498427000008,
20.9586069999959,26.8655920000156,25.3279470000052,22.2508219999872,-93.8594460000322,
19.2021690000201,15.2006189999711,21.8664339999768,24.1885289999691,-86.5821800000112,
21.3784659999828,21.5646409999972,25.0412259999866,27.0867400000116,-82.3640589999677,
25.8380850000167,24.6367620000019,21.0704770000029,34.573318000027,-84.6813829999946,
22.0889019999649,28.3104510000003,25.8755830000018,19.697513000011,-96.0634730000074,
32.2301910000315,28.420283000024,18.5610770000067,18.4231310000077,-91.2021000000022,
26.4529140000031,21.9603889999835,19.8843259999785,24.5071480000061,-92.5463510000145,
28.8532529999629,28.8532529999629,22.0979550000338,20.7368099999976,-107.001844999996,
34.8081330000123,24.9962440000018,35.4323630000035,18.6046029999779,-97.5660599999965,
15.6537619999663,17.9470850000089,29.6294890000509,23.0539840000001,-79.2060090000095,
42.6135849999691,13.3386430000228,42.6135849999691,20.940292000003,-100.988718999983,
34.4651619999822,38.8082439999998,18.7787190000163,17.1368099999991,-107.273117000015,
30.1740629999986,11.8793119999982,24.4359759999734,30.8838079999987,-88.8102869999902,
22.5908140000147,24.355585999976,24.5491340000117,28.8280090000108,-76.8100839999888,
22.1949529999947,25.4888110000329,17.3159120000246,22.9088170000105,-88.6737369999828,
24.9954600000237,24.1083920000119,23.5773300000128,12.628947999995,-91.6729160000032,
24.8735020000158,31.2486979999794,33.2998159999906,31.0141999999532,-118.123138999998,
26.684625999992,28.4229309999455,20.0451540000158,19.642024000007,-119.881245000022,
35.0357560000166,16.12942999999,28.5693179999971,19.275515999997,-93.8870709999746,
38.0077260000435,27.9376309999989,20.9340059999849,19.4057369999582,-100.919332000014,
32.4361609999978,22.6956530000007,17.2397510000083,33.5717520000107,-99.4184319999558,
24.3259630000075,27.3048540000145,21.3260939999991,28.1446729999961,-93.0140199999869,
25.4706959999912,23.7082850000006,27.3696740000041,23.1397579999866,-122.381614000011,
22.2920580000173,37.3817420000105,29.446745999986,18.0280670000111,-89.0025239999868,
19.3268359999865,24.9794360000251,23.5777119999957,19.3268359999865,-86.6256350000212,
24.964468000021,21.2968759999994,29.9561620000177,38.1856070000113,-118.668967999994,
27.3357859999778,19.5790579999984,30.246611000025,18.4207420000012,-98.714259000003,
32.7967299999991,22.9596040000106,29.441744999991,25.184660000019,-122.402078000005,
23.3074139999808,22.3445550000342,24.3717169999791,26.8917689999889,-100.675288999993,
26.862418000017,23.552452000009,20.2111510000341,26.3417460000101,-101.031704000018,
35.5779799999946,28.2356949999894,32.0401439999587,27.0666149999824,-129.336870999949,
34.7608020000107,17.4637949999887,24.7191320000356,25.4302730000145,-119.681147000017,
22.5409690000115,26.3177000000014,24.147679000027,33.9036249999999,-115.946314999997,
26.1817660000161,23.8222179999875,21.5304560000022,22.0451499999954,-117.462744000005,
23.0576310000224,34.7642600000299,19.5888719999775,31.1522280000181,-115.715346000023,
32.5669699999935,13.7085730000299,17.6092440000039,21.5430240000132,-96.1709249999749,
23.4608009999802,25.2422619999898,24.4179359999771,35.6250099999615,-105.370865000044,
21.1297070000146,28.3817500000068,27.4985899999783,27.0052969999888,-106.258137999997,
22.7021560000103,24.4974969999639,24.4283770000457,23.334846000007,-103.027319999997,
23.6085649999841,33.9554420000122,31.6706190000023,20.2827840000027,-89.9940529999931,
24.5408260000268,28.364928999983,26.0760700000346,24.7896490000121,-116.896094000004,
20.0360960000289,33.2249249999732,31.434485999981,20.1175500000127,-80.5833970000022,
24.05681800003,25.6893909999699,38.2290329999805,27.5417610000131,-96.2866509999994,
22.351183999991,15.6921999999804,29.7976650000383,25.2600950000087,-80.7366460000012,
25.1047019999787,19.6854460000177,19.6854460000177,20.5031609999969,-98.8794989999687,
34.1635910000095,34.6826459999975,25.4816119999987,27.4092500000006,-99.2035650000043,
21.4590650000064,23.8442049999794,23.3000040000152,29.004074000015,-95.1502420000152,
23.9644099999623,25.1205240000263,26.3435910000044,22.1399050000127,-103.116507000041,
27.5548119999958,31.1146179999978,26.2427599999901,24.8728970000284,-87.8857869999938,
22.0173749999685,13.6495570000079,16.7203600000084,18.8893699999981,-97.287292,
21.8214309999667,22.3331220000318,27.2458210000168,24.8723020000016,-112.153868999999,
15.8368340000106,15.8546330000036,16.3645479999896,26.5581850000126,-93.3468970000313,
18.7729639999843,26.3882349999603,36.3452010000283,30.2221099999915,-153.679007000011,
30.5117839999966,23.8504920000078,24.8406089999944,30.4335999999876,-74.2572560000344,
24.1770329999827,26.039470000007,30.5208370000173,14.9850700000216,-95.8132279999882,
31.1833789999864,25.5432140000121,37.5753639999957,23.976214999996,-112.443036000005,
25.0609020000202,29.9221930000185,18.3656319999864,37.0048780000388,-93.1945689999702,
21.6010020000449,10.5163779999884,28.3329729999823,32.3989809999766,-113.511023000007,
21.7002540000049,28.4046250000474,27.7386969999907,24.445171999987,-83.7704419999836,
25.073328000004,14.113503000026,26.8467770000188,30.6352290000077,-108.434236999996,
19.190564000005,24.5149720000018,30.4261109999679,26.4688860000151,-120.093140000027,
16.7441050000225,26.8179349999618,19.8640069999983,16.5705020000141,-96.1527810000071,
24.0804500000004,26.0545870000096,29.6057710000059,22.6823509999849,-81.4536630000202,
23.2191880000219,30.2027820000021,22.4887560000088,35.1342990000112,-100.865180999988,
25.319840000021,36.1682180000034,23.7023210000443,19.5742319999936,-124.88823299997,
29.4229970000424,45.5397120000307,28.2699129999828,29.2981210000489,-105.500301000007,
21.0680200000179,20.0273179999858,36.1883109999962,29.0752960000027,-121.216480999997,
17.1097840000057,24.8525510000118,16.2544070000322,27.2726789999942,-106.533008000025,
29.2932950000331,31.3217450000357,24.1950910000151,18.2424779999992,-99.7284220000438,
30.6003420000088,15.4066159999993,29.9824229999986,16.4620189999832,-103.379206000007,
28.1775899999884,42.2831880000258,22.9759410000343,20.7995290000099,-115.554708000031,
37.6674410000105,31.7940430000072,28.1234369999975,31.9750970000405,-112.561660000006,
19.319794999984,24.6813929999753,16.2904100000078,16.2499759999873,-106.924568000006,
23.9326910000063,17.401396000042,21.7318369999839,30.0464929999916,-90.995059000039,
23.9258969999919,11.67616800001,24.3648140000005,30.6710689999745,-93.7000069999885,
20.8946870000209,21.3531309999944,17.8358649999927,34.6403560000062,-100.59378000001,
11.0601229999893,29.7662940000337,24.4162089999718,28.5264809999999,-105.814106999978,
20.8170259999815,15.1910979999911,19.786403000021,26.1249059999964,-117.148066999983,
24.0308240000204,33.060645999979,37.0125399999979,21.2929360000016,-97.7452369999855,
26.9428960000105,26.9428960000105,20.6033139999836,32.667185000003,-101.417134000024,
25.5419020000018,30.3983230000013,13.3236580000057,24.9271659999849,-100.26741000001,
19.862712999985,24.5190819999953,23.6488649999756,16.8661579999971,-74.9186230000196,
21.2481599999937,22.0525520000338,34.0109720000009,25.1882370000276,-103.201678999981,
28.7401139999847,31.9213440000085,29.8049089999813,19.2887200000114,-100.943035999981,
18.1216000000268,30.8121999999912,24.0614120000146,24.6710020000046,-77.435248000008,
31.6379629999883,39.5773379999919,26.9654449999898,18.6055490000081,-94.9633060000097,
20.8258909999649,23.9482120000184,25.1886980000008,17.582210000035,-150.725019000008,
22.768164999984,31.7312530000218,31.1634859999722,33.8739730000125,-96.5081439999949,
25.983929999983,20.2431830000105,18.3516130000271,19.2671089999903,-87.723056999982,
33.6157870000161,21.9891649999845,15.2513360000194,26.9437379999981,-81.697908999985,
27.4779320000252,23.6868309999745,13.0283819999795,23.5616280000067,-90.4808590000221,
31.7773129999632,25.1173989999734,18.5391689999906,25.9024889999937,-123.654112999976,
12.9972930000076,30.7164699999994,18.9714160000103,25.791197999969,-99.2002719999709,
22.1545909999877,18.6245990000016,27.9526610000094,35.8527799999902,-105.389019999998,
11.1022509999639,20.1305679999969,27.1664529999916,33.3454159999719,-83.0817279999728,
18.5456909999584,14.8825130000096,23.1472309999481,20.2543900000201,-102.048298000012,
33.832259999971,27.6483929999831,27.6483929999831,33.9960759999958,-124.734780000017,
27.5773069999959,21.848526000017,30.2097859999922,20.4411889999737,-101.744423000057,
22.5330660000136,20.0715800000235,23.1635650000107,21.7475640000175,-100.759641999967,
16.421556999976,17.2828429999709,32.8592219999646,26.6984029999949,-89.5901610000183,
9.69500499996047,30.1678270000039,14.5462119999747,21.1488370000034,-79.9914439999975,
34.3567709999961,33.7614510000103,28.5319739999895,36.5674999999837,-115.834493999979,
21.5230399999919,20.673807000001,22.0408379999744,29.1861619999991,-110.261401999998,
22.5799589999942,31.4071389999917,32.6855709999909,25.861675000001,-83.685384000004,
32.7141219999767,25.1076819999962,14.1179789999796,25.6500600000008,-89.7973810000231,
27.9842880000224,20.3625649999913,31.3295300000318,25.341738999985,-102.987705999992,
19.375050000016,23.1759809999803,19.5568849999718,21.0765210000027,-80.1845630000116,
19.71602599998,18.6949979999654,19.4784030000455,35.0632819999992,-84.4347289999823,
16.1544230000127,18.6847280000111,21.9058659999846,20.5836230000086,-78.2865069999571,
35.1479150000241,30.6788679999854,18.7529129999593,30.9552170000043,-108.364041000006,
33.0460200000271,27.0256340000005,27.6650639999789,21.8881699999993,-93.5484199999819,
24.6627470000158,20.6571809999978,18.9451050000225,27.9472419999984,-103.870390999994,
21.1402970000036,17.8287860000291,11.6152049999837,30.7966219999998,-97.2722909999784,
24.6207110000205,29.9741239999994,22.1480419999689,16.41102399999,-93.1576729999742,
13.4706830000123,20.3871280000267,17.9375519999985,26.664319999998,-90.1511169999803,
24.8609170000373,42.4493350000239,34.5688830000145,17.1755489999896,-99.0642030000326,
29.0333079999918,25.2038170000415,19.3039340000005,34.258399000023,-108.86939599999,
19.4736490000078,24.0727040000183,27.4134699999859,26.5754499999621,-97.6507390000152,
49.4183359999925,17.7283230000148,35.6112070000354,43.4837810000208,-140.027498000006,
26.1233020000327,33.8857329999919,29.8785410000119,24.8871750000044,-85.2662659999969,
19.6006389999757,35.5186400000212,22.8285079999732,32.534601999987,-103.968785000039,
21.3296900000159,29.832110999977,41.1481659999727,32.7417090000054,-101.735604999991,
35.5283909999825,23.3443390000175,21.1544209999956,26.6488869999785,-108.674337000023,
22.0419630000524,31.006486999996,23.7931050000398,26.4735060000139,-95.6361600000209,
30.5788000000384,24.1187240000127,19.1332000000184,22.0151340000039,-96.8756609999928,
39.5639659999706,31.7908390000111,23.7627869999906,18.6620369999964,-112.375437000028,
30.3105949999626,29.1843650000137,21.4032129999923,23.1853679999886,-102.594627000035,
23.3879549999883,23.761759999993,28.1831960000209,20.0264790000074,-89.2622869999732,
27.6574229999924,29.0177939999785,18.4663470000251,30.9759059999742,-103.692522999992,
13.2108879999741,17.3715900000234,19.7150519999741,24.4227100000135,-107.308862999968,
30.8476840000258,29.823333999977,21.6240300000136,15.5321029999714,-93.0756910000082,
23.7743150000242,21.5362459999969,23.6411159999871,24.7810540000182,-99.157385999998,
28.968705000003,24.506832,42.1660240000019,28.4299459999866,-82.7616109999999,
32.6362299999819,21.4026820000108,26.603603000005,29.7979249999989,-76.0082149999762,
28.316549000052,15.3699300000162,36.015371999978,26.8599650000051,-104.539135999991,
21.0309120000011,21.3411999999898,19.0040210000234,30.4344220000003,-103.900968000006,
34.1737289999883,20.5444170000001,17.7114050000191,43.4168719999725,-105.99169199995,
23.9963520000101,31.0873379999939,16.6762180000151,20.6397399999851,-89.1121789999925,
21.2761759999976,19.3893579999967,21.6555869999684,22.04089999998,-108.547933999992,
33.5719589999726,22.9749939999929,19.0778909999799,19.7754739999955,-97.637001000001,
34.8114649999925,19.9967200000119,28.2164350000248,47.7725290000117,-135.657724999988,
20.518245000002,17.9317860000201,27.2595780000038,25.5911290000076,-90.9278159999967,
33.8154010000226,22.1350650000259,20.7250759999843,27.2966780000042,-117.998004000026,
17.3665680000067,29.4277320000319,21.8252510000029,17.6312239999907,-81.6251690000063,
17.0951460000397,29.8553169999859,22.4217130000143,18.7796970000218,-101.55895600001,
24.3640519999954,18.2487740000124,11.0399100000022,22.6216400000094,-109.858710999984,
16.8191569999717,17.730262,17.730262,20.8173049999841,-86.6015600000064,
24.691360000008,13.1823980000199,25.6446859999942,30.3182359999928,-102.573610000005,
26.8240340000184,20.7728999999908,31.2848419999737,17.6354139999794,-75.1225369999947,
27.938830000001,27.3574640000097,25.1179760000114,20.744876000007,-103.304452999989,
29.8005650000323,28.1065329999692,20.1492869999547,17.5190099999736,-108.36577100001,
37.9361989999934,20.7949340000587,29.4009479999841,37.9787650000053,-109.353912000011,
30.566889000007,20.4479199999705,27.3411289999958,25.9409159999777,-123.883238999967,
32.2924990000165,20.2000380000072,35.3709030000073,20.8340289999751,-117.819389000022,
23.2298969999729,20.6181930000093,30.9056749999854,15.1020460000082,-98.5966599999902,
18.7266900000013,24.0070859999896,27.7129050000167,29.5209759999734,-81.3276190000379,
19.2798040000189,21.6999639999722,26.8168399999959,24.884442999999,-110.349827000015,
23.8316730000233,23.0654309999945,24.1069499999749,26.2699740000007,-110.498700000026,
23.2693580000014,17.3542189999926,24.5166640000334,21.7585320000162,-91.2045170000101,
30.4169600000359,33.497466000008,30.0998439999912,31.581939000007,-102.053028000022,
23.4820980000104,27.1985160000058,27.1985160000058,31.622853999992,-109.427834000013,
30.4400090000454,21.4672389999887,44.2795369999822,33.7319780000025,-98.1138099999853,
20.4205520000023,15.4638790000281,22.2749650000387,26.043595999955,-89.3302369999828,
26.1251359999778,27.8916539999864,18.1392440000163,21.0223019999785,-108.607818999993,
38.3666249999869,34.4744779999983,20.2968089999895,20.6947979999768,-124.780030000033,
25.6300370000026,22.0515689999766,26.7962700000226,19.9578559999936,-127.874255000004,
27.2712629999933,19.7013630000147,27.2712629999933,21.3999630000262,-97.9083250000203,
20.3947349999708,28.5318559999869,16.3387500000135,19.6444110000048,-116.543564000018,
19.8488399999578,35.6032889999933,14.686280999972,20.9035030000023,-120.085407,
22.9537239999863,27.0313110000034,22.9726210000199,18.4768680000088,-101.188510999948,
30.6301499999936,23.0086679999777,15.060936999972,37.9673480000138,-100.576749000007,
24.8834290000095,24.1095079999805,18.7498749999831,23.4198369999704,-99.9129410000151,
27.0090769999961,21.5077969999938,31.0032759999967,25.0222970000023,-106.845166000016,
13.2946869999796,24.2427300000227,33.885122000007,29.956355999987,-96.0951659999955,
23.8185340000291,33.6473280000118,18.1557459999794,22.4886959999867,-91.184598999982,
17.8654430000106,28.8055740000182,16.4886549999937,27.8959589999795,-94.9916210000029,
38.2190429999955,22.8119070000093,19.2162519999683,29.8068450000019,-115.90645400004,
28.7738080000054,21.9910159999627,18.5036269999828,24.1275269999605,-86.7853110000015,
31.1318019999817,15.7485799999895,25.8757790000036,26.6616609999674,-102.987560999981,
20.0883969999895,26.8345970000009,20.6202890000341,20.8213399999968,-98.9737129999849,
40.7993119999892,16.8155259999676,23.1632789999885,25.5388419999772,-98.7837490000084,
