84.0920689999916,91.0526470000386,72.835298999988,78.2304429999863,-372.168571999999,
91.3691569999978,102.105398999984,62.6189060000142,89.3617760000216,-409.491122999993,
73.6655199999759,72.077780000006,105.617988999967,83.2975830000214,-405.032169999974,
87.8983499999822,89.6851269999711,76.7810580000078,83.1430719999921,-423.143695000012,
92.7531480000071,97.6913619999655,89.8838919999989,89.5845309999904,-406.860319000017,
60.5359879999878,74.2926879999777,81.5168400000148,106.757078999994,-402.35158799998,
77.1227319999816,79.788133000015,72.6294649999963,99.0886049999749,-390.969667999985,
93.3459560000156,86.3992909999847,98.5334010000297,84.790012999943,-438.789808,
72.9477080000142,79.0667500000309,75.1454639999679,69.3013130000054,-415.271838999978,
96.4407939999692,80.0089679999924,81.7707019999798,67.7791010000233,-428.456967,
85.555388000013,85.7912000000074,102.528305999975,89.5606969999776,-435.43227899999,
77.2658529999972,79.2484990000289,75.5125640000292,95.3448499999904,-349.663951999992,
76.8616839999504,109.520547999998,106.384844000031,70.9954500000258,-442.12417299996,
92.9821240000101,104.385603999959,91.2101720000114,84.8760999999818,-359.771322999972,
62.1181330000131,88.2642429999705,88.8388860000309,93.1462319999719,-369.17309500003,
95.0896340000422,108.715644999993,116.837483999982,119.044568000005,-401.387000000002,
86.2332150000252,65.233375000003,78.0269229999922,96.4972149999762,-421.428743999993,
101.813311000023,70.1328859999844,89.6937559999637,101.593600000015,-409.854242000016,
76.4129189999735,76.7411579999953,85.20879900001,95.4906540000047,-427.107337999974,
110.205182999979,103.543053999972,90.1790910000041,95.8882809999977,-392.830734999972,
90.8630609999982,92.8257030000304,68.9191239999973,84.2623399999834,-381.187329999985,
71.3362750000142,85.3681149999888,72.2520830000067,92.552347999992,-354.51060099999,
99.9233820000159,71.0002850000001,49.9709770000131,75.265811999956,-392.519933999995,
73.5923120000316,85.7444289999999,69.0459499999988,84.9325570000074,-409.393450999956,
76.1841859999981,64.7406680000186,83.2023690000137,83.5510890000223,-374.290265000027,
81.1838310000257,88.6961530000203,91.2684129999634,97.0753179999961,-410.457538000021,
103.573428999995,96.4645389999814,69.0318730000231,69.6966199999988,-413.189349999971,
97.8981980000049,88.4074429999505,80.5008719999937,94.9717999999798,-350.725523999973,
78.2767270000281,91.0595579999958,100.124472000005,82.9095780000043,-352.455371999985,
90.6726110000159,98.7810819999891,102.046743000018,90.6726110000159,-394.826847999984,
98.5443590000477,62.8102519999761,69.5456670000394,98.7134059999839,-358.790762000023,
74.2270880000219,87.5139550000226,115.805865999936,104.577689999996,-379.390207000032,
72.5056089999839,87.6177710000152,84.5250620000184,72.5056089999839,-389.459641000006,
83.2533290000333,77.8081290000091,107.61173499996,95.5050569999721,-417.340761000016,
75.1369089999753,71.2491230000005,118.540553000026,66.0184540000246,-425.817553000009,
84.9001229999894,84.5390120000038,91.8616300000403,78.6924139999887,-359.822320000005,
67.4240729999929,91.0216129999958,85.5414970000015,98.6858679999877,-414.381449000014,
89.75728200001,70.207781000041,100.806148000029,67.636021000003,-402.739505,
86.9216450000058,86.7142349999822,62.7095879999752,105.420863999992,-404.925782000018,
93.5563959999768,98.3550840000171,105.497919999968,88.8168830000091,-413.009186000003,
78.2901919999654,62.260205999969,61.0365010000237,87.1351709999708,-370.643008999989,
64.3583229999977,94.1268230000333,88.0683140000033,98.971661000011,-357.201913999988,
89.0777390000217,101.614236000042,82.5633910000324,69.6157789999806,-359.652816000005,
59.7512480000132,99.3772869999725,109.544170999992,97.4805790000255,-449.751587000002,
90.4354710000089,82.2075159999699,98.8802759999667,97.0921529999973,-375.091954999973,
124.135626999977,74.4778059999685,100.222194999986,97.9606870000512,-386.951453999986,
111.453942,99.8119770000012,89.4254370000026,81.0942599999889,-390.322478999991,
81.274041000011,66.5709059999726,76.7841320000034,92.5774589999892,-397.766160000001,
59.0817260000413,68.2634419999922,68.2634419999922,59.7980850000072,-362.930020999997,
91.8138049999448,80.5144539999897,102.295401999997,114.364403999985,-411.64341600001,
80.7888070000013,90.6882400000172,93.6306710000022,96.8260410000221,-449.542304000001,
94.8294059999848,90.9326700000015,95.3387030000249,105.426095999975,-392.641242000017,
101.851835999994,73.6607839999997,87.2271390000305,96.9570519999907,-370.041932999974,
97.1639119999904,82.22396200001,107.150410000025,92.275839000044,-394.496821999981,
93.9630909999769,90.7837599999939,99.2508969999717,59.1387590000018,-416.811566000054,
94.7545979999945,85.7956299999851,65.0706380000343,95.2058360000192,-423.748215000002,
92.1863400000034,93.7785820000272,67.0232599999808,87.3701669999732,-368.545588999998,
75.3411899999574,79.652333000005,75.3018969999653,87.2812000000054,-379.186860000013,
70.7192540000069,92.0950039999716,75.8359480000449,87.4013029999846,-379.929732999994,
88.2153709999684,84.9537410000053,81.3327799999956,91.4842260000073,-343.17584100003,
102.508477000034,84.6365350000469,109.731287000002,75.0875710000159,-376.413787999996,
62.7296219999776,90.7916210000008,78.5258149999945,81.9163430000121,-366.003988000001,
85.3674549999978,68.3291240000185,80.6136450000017,73.6830779999873,-359.158762999988,
79.758261000004,90.0379569999895,76.7388369999794,76.7388369999794,-380.842257000004,
92.8366629999509,111.178277999963,79.5049939999899,102.120656000006,-414.631086999982,
78.034065999992,100.735219999994,95.1904799999697,105.562535999994,-373.336931000023,
89.288336000016,73.8010380000046,73.1777819999788,88.2666809999896,-400.193717000018,
84.5547799999936,112.829563000014,100.99206300001,69.8598969999607,-420.395060999987,
70.696072999996,100.566375999985,93.0902809999579,85.1533479999703,-367.242383999954,
79.2757519999795,88.5311960000067,90.7596419999877,92.1702650000025,-381.207838999988,
79.6591529999782,91.4587179999803,106.621887000003,78.6502200000132,-383.509894999984,
97.9401050000247,99.8522499999899,64.6361660000503,92.204082999961,-402.512232999991,
98.1373030000186,94.3045039999606,85.1103920000201,87.1689339999953,-393.81888099995,
70.8319249999927,87.3578409999986,86.7304759999806,91.5541010000061,-357.374093999996,
82.0478919999773,89.6077330000076,85.6626040000278,95.9787269999742,-381.655568000002,
65.9937460000369,68.1600479999538,68.69014899998,120.03303200002,-403.109621999972,
68.1276999999973,103.557908000005,112.46147499997,68.4439850000126,-432.117742999996,
79.1729729999743,74.3774130000161,115.248540000029,83.3098329999725,-428.086157000014,
77.9538989999837,84.6793620000085,81.3226659999928,85.5555400000203,-435.159556999993,
98.1827820000071,90.2862420000024,74.9537980000064,110.937351999944,-398.030647,
94.9310690000152,106.231130999973,109.143226000004,76.4770479999984,-380.356005999995,
84.0582149999618,62.505350999967,75.1541409999772,79.3536269999972,-342.23020299996,
74.3211120000001,106.843832999994,89.9623439999814,98.7542210000079,-433.959639999995,
87.3408819999836,96.6827249999938,107.465631000005,92.1526130000116,-390.665548000006,
97.0209600000571,98.1621490000125,116.419135000015,98.1621490000125,-365.680336000027,
83.3006770000143,99.0232349999937,81.7682849999906,82.5433180000105,-391.921201999982,
95.7020189999785,89.9868499999961,92.5986289999919,96.8676739999614,-411.840371000018,
51.704932999995,105.653720999976,85.5335459999865,75.0097509999837,-390.885715000012,
99.1982009999997,103.508985999991,124.863366000017,99.9967720000359,-415.097597000008,
59.9008310000031,68.594447000045,98.8874510000169,85.3832509999875,-419.391289999995,
58.2672089999992,88.0189979999832,69.8796259999967,82.976022000013,-365.735169,
69.7783040000081,99.534755000001,87.0289949999756,72.6323310000212,-376.794829999987,
76.8307340000033,91.350284000011,81.9177170000098,87.5445180000329,-337.207620000011,
96.7059110000109,81.4762350000105,72.7097740000268,81.2023699999859,-445.077669000008,
77.7128050000074,76.0035119999916,82.0232909999695,86.2766859999942,-426.810705000009,
93.3683039999946,93.1318740000297,102.230418999968,87.4589079999864,-374.538598000036,
66.4722170000082,89.1146749999866,91.3839380000018,84.7893619999877,-354.067761999976,
69.3692209999867,115.151104999959,97.966211999963,67.5827950000194,-383.815867000008,
70.6541120000084,96.2093269999982,109.187689999946,78.4412030000103,-375.183903000006,
84.1575160000116,79.2513990000029,108.989871000001,97.7333719999874,-426.305531000012,
86.0162300000293,91.7493419999832,93.6012060000303,87.096024000014,-311.523915999992,
90.5752939999952,99.9575029999955,104.125622000002,85.0944100000233,-364.712805,
55.5486430000233,64.9666680000178,105.764551999977,73.3611669999723,-395.775899000022,
108.923604000025,90.5738860000001,83.6909659999815,73.8245159999651,-400.867367000036,
63.091947999977,89.0614689999825,97.0148839999847,100.083714999985,-355.457088000028,
53.7343330000035,84.6127249999927,61.4920649999772,77.9021939999952,-391.353057000039,
82.4512499999887,103.317859000052,81.0399580000162,77.9484240000211,-409.792690000021,
63.9580860000324,66.6750499999512,81.9532209999929,72.9292100000052,-369.798689999979,
72.7566090000037,81.1796120000145,87.788305999999,114.13623,-400.829490999969,
88.5738829999964,106.327945999998,61.747208000003,75.1547870000172,-377.780255,
72.3415309999873,90.5157959999819,54.1465010000065,79.8536700000013,-397.020825000022,
82.8998290000286,85.8867030000074,85.1394810000611,72.5283060000265,-378.514377999987,
80.4165399999674,97.1759829999928,67.2973489999863,113.323850000012,-396.389698000013,
83.5343849999822,90.5922350000037,86.7664609999952,99.587602000001,-407.871844000012,
58.9305779999836,99.7887670000123,65.2538870000212,77.0919319999662,-377.726793999995,
81.5176129999863,74.2346210000501,81.3462969999869,83.9834839999698,-383.995716000002,
84.8998719999972,119.612899999961,104.359094999973,66.3122739999985,-355.89058999999,
79.8829179999907,72.0217189999726,78.0608679999918,84.9346539999851,-392.279456000005,
84.2569629999607,89.4909770000327,82.744996000014,110.511904000011,-346.00421599999,
96.6840920000004,106.223632999989,93.3641799999878,103.643445999965,-416.528419000005,
72.0312690000146,95.2541160000219,45.9522650000204,62.107142999997,-370.895213000023,
99.8064659999882,79.2458779999961,83.747869999981,80.7589870000043,-386.615345000014,
121.749638999993,86.849278000037,93.6356069999833,116.479728999961,-416.626967999989,
87.8344379999967,87.886746000052,77.3725910000026,69.9121910000331,-367.241096999953,
75.4437279999893,95.6115269999982,84.9516479999734,80.6345800000349,-417.01284899999,
88.8107599999944,91.1608680000263,106.503434000024,109.306514999979,-392.033819000038,
61.8447509999723,85.490182999989,75.4305080000454,60.9457809999549,-366.391422000012,
78.2077070000078,91.194073999965,96.3056259999998,110.569922000029,-365.740299999972,
87.5374229999939,88.1156010000204,61.6114450000346,91.7554439999881,-378.639140999998,
95.8635129999934,114.688177999964,84.9382019999894,97.540562000022,-427.064073999994,
89.4321950000026,86.1708820000335,84.6745570000053,88.6958040000313,-389.383162000045,
68.3326919999504,90.6906720000165,98.9019849999963,79.5732499999663,-385.063477000019,
98.7671420000265,80.2147430000055,83.8289259999856,86.7605729999873,-346.352853000009,
83.8274620000248,80.1587919999984,57.1128140000119,95.0468710000437,-421.658210999998,
91.6033789999892,95.7680769999793,89.5704869999963,102.939272000011,-356.668596000016,
78.2777459999779,89.9186540000164,84.9266620000158,80.247523999989,-406.426940999994,
78.2212389999981,103.804224000006,60.1561620000034,78.6272030000237,-338.393823999991,
62.5924760000071,75.6660979999792,73.9954000000271,68.6484599999894,-395.589739999985,
67.6144020000106,87.4161840000397,103.547470999963,117.539662000001,-394.629889999972,
77.5734270000085,106.91626299998,93.8475450000019,63.1302730000084,-370.899084999991,
103.981639999974,80.8281369999613,84.308896,87.0369030000197,-417.92942299998,
90.8195809999779,102.479764999949,90.862112999997,101.04578799999,-407.096274000002,
100.815175000011,87.5518520000223,87.2433939999746,73.0152950000484,-348.033434000003,
77.357977999985,86.5344780000119,62.5600899999572,81.3521579999961,-399.579378999997,
66.7747170000002,94.2890549999925,75.8180829999942,87.505246000002,-379.340642999995,
86.4036519999618,95.5735060000015,97.6355580000368,98.1211909999538,-353.080227999993,
76.3182550000124,92.5371659999696,89.5738660000293,69.2823120000194,-365.107647000047,
79.5577320000216,108.119762000028,83.6727819999801,71.3033729999934,-402.849595999989,
114.790136000013,94.6774289999889,77.3684369999842,99.2683860000097,-416.073348999992,
94.3851009999748,78.3419850000223,97.12734000003,86.8063700000048,-351.609146999986,
70.6138309999628,101.525640999985,103.906790999969,83.3282239999739,-465.27081199999,
82.6374649999975,96.4785559999978,85.03324200005,85.0347149999893,-449.634374000029,
129.473703000033,87.8174420000032,83.2317819999721,95.7067999999813,-350.795366999994,
72.1572449999958,82.0527830000137,86.4322780000298,78.720651999985,-449.898391999976,
97.2529659999991,73.7706299999918,90.7426090000413,76.9515180000199,-391.873974999997,
88.0185759999954,74.1757690000113,98.1420779999808,84.9903069999973,-373.712105000035,
58.8731709999956,81.0781519999709,83.8741110000078,89.5635220000186,-386.904128999997,
89.4085409999666,73.1965509999745,69.9842240000044,83.2462039999823,-375.669755000005,
72.7754899999914,72.7754899999914,93.4549819999834,79.1999960000317,-415.385803999999,
98.1982699999767,108.072610999997,95.1201839999803,95.0430370000013,-468.457088999999,
67.3132129999976,72.3994930000285,71.4777890000018,84.2998029999958,-399.307843000056,
69.6246779999342,76.0758429999778,89.7622170000172,68.1489309999765,-426.390922999999,
118.218679000005,110.717690999983,108.044486000008,105.113695999998,-445.736691000048,
103.719869000019,93.5552629999884,71.7650739999881,99.6723659999716,-373.326338000023,
103.901233999964,92.0850289999698,93.4400320000173,107.660275999994,-393.392515999963,
90.8253399999758,85.0466840000099,89.9628509999893,58.9480010000025,-396.868616999991,
85.6349280000077,106.819825999991,98.8706460000049,90.1649049999951,-441.32499400001,
84.4080370000165,105.962451000018,65.7020299999995,94.1558489999711,-364.697119000028,
103.061084999973,72.6225219999965,116.263044000031,90.696965000031,-399.444397999963,
96.8477099999718,117.716972000006,91.6219160000537,67.6421939999859,-396.270453999991,
91.9578389999656,89.4882469999761,103.040052000004,122.330771999985,-398.21858699998,
91.8119819999761,79.5048460000039,85.1975279999947,95.1498449999708,-348.424809000026,
75.7105660000234,88.0287629999916,83.9664719999914,81.9090839999685,-432.560348000017,
75.5081689999515,67.7868199999784,63.3726269999847,83.0967450000103,-431.581198000012,
99.5621710000423,101.982019000017,96.0778840000098,83.2272130000433,-376.146719999996,
75.2135380000227,86.6215239999851,96.8503630000096,74.2550020000103,-413.670221999974,
94.6868700000059,64.0307499999712,64.6374529999516,63.0456989999766,-400.023525000011,
85.8849259999652,112.836535000021,91.7908079999606,96.0983090000095,-430.960888000008,
91.3924100000163,84.3509279999857,64.5978799999871,72.4178130000187,-388.530388999994,
95.9753229999724,91.5841450000148,101.237522999993,96.962851000008,-377.069138000035,
86.8080580000019,104.006244000023,88.3241830000097,57.0564319999889,-351.543159999984,
106.150440999982,91.6102700000279,69.4448210000164,66.1073770000362,-343.280248999991,
91.6675719999876,107.675993000033,91.4179690000269,67.0848350000415,-406.863846999983,
101.932179999968,96.9645230000078,92.3897859999806,83.8531949999979,-385.321151000004,
93.4917769999993,100.224668999965,99.4016389999874,84.2529550000072,-401.481570999987,
85.7619860000445,111.425911999991,100.110168999973,85.0439320000105,-459.983423999998,
79.2122970000141,80.5212820000579,68.253724000002,86.8433199999695,-429.284481000037,
80.0668149999728,88.2801409999984,86.4959489999596,79.0259409999753,-385.432265999993,
91.2065699999921,76.3819410000165,78.8833020000079,81.9997259999914,-407.651736999977,
122.294807999991,125.561322999977,102.41614300001,91.3591780000233,-401.730380000035,
96.9305239999849,78.5666239999869,81.5689360000133,74.5856580000054,-428.804487000009,
78.4134800000193,91.9999499999744,89.5747650000089,76.5045019999916,-345.090568999978,
88.9315209999963,98.2561780000456,74.7308530000191,102.609883000028,-391.038490999978,
81.747648,107.555592999998,90.8768410000102,75.1551100000006,-414.813929000004,
79.7762080000025,92.599212999984,77.9407470000301,74.994816999982,-417.75140999998,
97.9116229999991,107.000081999981,91.8062140000129,83.4157209999762,-380.778564000008,
92.1544720000029,103.648910000012,91.5880850000003,99.5864750000128,-405.171533999971,
108.723585999952,82.3802719999962,103.952419000023,111.800913999976,-470.742933000019,
86.574545999968,69.6148449999928,100.192043999985,75.6163160000119,-397.258323000003,
67.9359960000143,90.603648999961,79.6775169999732,93.41629100002,-388.815504000021,
70.9787059999944,73.0261000000182,65.3840230000151,79.8460950000135,-390.334935000001,
55.3272900000275,76.1015089999537,98.5022710000007,103.646492000023,-402.280098999981,
89.2971679999987,99.6227120000171,112.126186999976,72.8254139999653,-406.785964000028,
96.5670790000095,102.920678000003,91.6012549999673,67.1972789999745,-361.571955000012,
94.106079000006,99.7584389999984,74.725883999984,65.266561999988,-408.934217999968,
76.7835399999967,90.4502189999926,94.4563710000189,48.97040500001,-398.381665999983,
113.701186999994,109.735602999996,92.987254999985,73.8996020000036,-421.505768000006,
74.5047339999524,87.5426510000166,68.3169750000247,71.9127329999669,-456.711091999993,
98.5768540000204,83.8867980000364,69.5693099999903,93.0365840000095,-348.885406999974,
82.7268800000038,63.5716690000172,50.8943930000128,66.9207370000399,-378.81995799996,
75.4151510000056,96.1706630000149,63.0295160000164,81.4898459999918,-362.322281000022,
89.6256829999907,73.2166750000097,89.070759000002,110.393587999975,-473.321408999985,
99.308854999957,85.0585550000228,74.7336280000127,100.947471000007,-367.941000000004,
80.4163889999581,80.3253470000236,95.9584189999991,67.4720039999984,-392.927330999993,
82.4223000000056,99.8602010000095,82.1714789999933,74.1889990000309,-367.214901000007,
80.8116559999862,94.0366880000106,112.289675999991,100.561205999988,-385.890687000021,
91.6989290000138,64.8554060000283,69.8762650000003,81.8858809999911,-334.073854999969,
79.8448510000057,113.689152999994,83.8991499999956,79.6060960000195,-414.474207000003,
82.8916309999586,111.915746999991,90.7854989999701,77.0930479999761,-387.259452999967,
74.5331290000167,78.5004600000207,93.9020550000027,108.085226000002,-421.32439800001,
59.7424669999909,74.7303509999692,74.7336720000235,97.5936670000228,-400.668028999973,
96.2559700000174,111.379537000002,80.8812490000028,88.7156660000064,-391.456018000006,
89.133992,106.403960999988,119.393753999991,74.0218850000051,-351.829704000016,
76.973776000013,83.9111679999896,95.7864569999865,85.5173619999987,-417.723256000001,
101.311346999991,109.514262000017,84.6822349999593,82.6676829999906,-378.785864999997,
49.5702710000073,87.2233220000144,85.2060369999726,81.7007069999895,-411.360443999973,
69.2543469999978,81.5617649999863,78.9640530000356,87.4679130000454,-353.093166999967,
73.1495059999816,74.7406209999958,75.3948269999978,95.0859139999952,-380.725570000033,
86.3200909999923,103.246290999999,74.8959350000077,90.9952849999963,-345.589744999999,
83.9799340000036,93.4795339999819,84.9411129999821,81.4760759999835,-476.364114999976,
72.3939999999766,99.0183870000023,97.4948519999725,77.4937529999734,-357.481738999989,
101.959557999998,110.79455700001,107.719603000043,87.6215790000533,-426.410707000009,
79.0027599999994,99.9917890000152,99.3375410000126,87.7490760000228,-377.221184999985,
73.3042160000364,76.6372860000047,99.6308829999839,118.692152,-393.165887999977,
111.504243999947,86.7081910000261,107.828795999976,102.77050899999,-436.490987999994,
90.0257779999852,114.032763000049,122.182079999978,89.1162620000118,-433.110889999979,
80.3739019999857,92.4447830000363,76.2261199999866,79.3592299999914,-413.065784999983,
87.2900280000053,96.4881820000114,81.841000999967,87.3989769999857,-341.213837999963,
85.9199289999806,104.335659999999,115.961038999993,80.7986109999838,-415.398168000008,
97.1969130000107,82.9200330000058,93.4699520000127,98.8911000000285,-404.051406000023,
87.8606280000158,92.8189319999569,95.553734999984,96.7009769999781,-427.185957999985,
108.987716000019,81.8670390000084,85.9068739999921,79.0858920000055,-409.393797,
81.4034730000017,95.4963729999527,79.3693720000047,96.8304449999559,-376.533868000013,
77.2941329999981,84.4545050000042,83.421167999988,106.172561000028,-392.336738999962,
107.332342999968,85.0906540000315,84.1503330000073,80.28328099999,-375.460923999999,
89.7931629999634,88.0151800000272,121.38053100003,98.4270190000152,-346.535760999978,
71.3174300000169,69.8929360000038,79.7507679999894,83.8958609999954,-380.970102000018,
66.6767689999615,102.552066999971,108.58898400001,78.2515469999744,-372.756463000012,
78.6783600000049,82.0854849999914,77.4433140000115,106.685237000007,-381.778252000013,
86.9524579999616,72.3688019999813,82.4298920000042,65.8471299999737,-382.387026999982,
88.1138970000279,98.6203559999826,86.2060940000074,79.465011000028,-360.11537000001,
71.7108649999946,93.4948369999724,95.1534890000103,61.1108530000056,-377.704904999998,
65.5873509999501,98.447733000005,80.938594999961,79.941012999996,-325.88229100002,
86.2165749999972,103.603755999991,116.20012499997,86.9911640000037,-400.841119999978,
70.2517840000337,72.1097510000141,66.3085009999872,87.0232129999627,-329.196474000016,
99.5391739999955,105.367778000009,93.9086710000097,89.9190879999624,-378.962659000003,
67.0143159999702,82.8878659999687,85.5169280000014,65.2024709999764,-424.736026999974,
57.9404570000174,82.7854470000102,82.2607169999815,94.0473730000044,-367.857558000026,
92.8134870000194,68.8076140000057,102.158389999961,85.6305879999722,-400.472235000002,
102.904927000018,110.351435000007,86.7113770000101,58.758380000033,-405.816724000008,
87.7323309999933,70.0018880000275,84.9802420000065,56.0956250000345,-375.256674000009,
83.5374800000181,61.8321040000073,84.6695119999663,75.9593779999991,-400.428595999999,
79.9178870000251,78.2658990000236,76.2280680000063,95.9367699999948,-383.235866000015,
67.0552139999827,91.9620039999804,70.3129710000153,87.8820479999968,-358.089883000031,
74.8507480000026,97.6384239999902,77.2501100000109,93.7312350000007,-441.996354000005,
84.9728549999941,73.9932279999703,79.2652469999857,70.8264060000242,-443.924102000008,
96.7789870000438,98.8868259999999,91.3057080000567,93.1863580000158,-382.841296000014,
99.0994839999953,79.7930870000214,78.1275079999828,69.4740159999683,-400.505949999989,
87.831974999975,107.627722999996,104.306692000014,94.9945739999862,-393.157759000012,
116.798078000015,77.9132720000025,100.265869000001,113.14877799998,-396.221890000018,
81.6784990000128,81.1854409999983,78.615524999987,79.8714639999994,-384.361213999978,
89.2270349999999,84.265556999987,89.8909929999913,94.7934980000205,-360.100204999969,
106.631951999982,89.6769720000211,69.5792570000535,97.1677089999762,-408.891608000034,
98.9507510000226,74.8506230000053,105.969113000048,80.5434850000174,-347.34831700002,
87.0329869999869,91.4626380000082,75.6284339999993,91.4881830000113,-375.58659700002,
98.0301930000105,110.697413999998,112.260312999985,73.2671929999974,-394.146629000004,
93.8228010000198,109.19706000002,84.4001839999883,110.748728999989,-409.160437999972,
80.264369999979,86.9484249999641,74.811910999988,75.4433979999767,-417.803814000016,
97.4700179999686,129.163696000031,69.287398000019,95.965797000033,-379.75949599998,
91.0619719999722,139.764862999968,98.6495159999836,110.860086999997,-436.944058000007,
82.2271640000067,91.4283789999872,61.0931519999785,86.0183749999828,-363.31651800001,
103.77623199998,88.9775620000296,85.6244779999656,100.027212999995,-394.817489000028,
87.4345849999941,101.896247999993,86.4554439999647,83.9930900000359,-394.236450999967,
71.9270870000482,76.5404200000294,68.2647740000152,63.1940820000086,-383.597317999994,
70.3177619999615,103.505933999984,82.5831979999534,108.719980000013,-323.767172999975,
74.7449089999641,89.7748959999913,70.7172860000337,57.3228840000029,-296.822055999996,
102.635134999991,84.6671369999985,80.378923999986,103.895173000006,-371.616237000001,
59.2378609999846,88.1440750000024,70.4905500000013,85.7478810000084,-432.357113999988,
69.5652849999879,83.3198289999923,77.7562739999712,96.7376500000032,-403.606296999954,
89.1671020000203,119.278582000013,110.355307999991,91.601346000014,-441.086694000014,
109.096202999952,121.903378000014,97.5150270000104,93.503582999967,-437.544275000032,
96.2503140000244,83.6364469999821,79.9783610000204,92.7067919999781,-424.901467000017,
62.2265969999735,81.0122770000444,66.8786690000097,80.6742049999962,-359.313970000003,
68.2884819999967,114.749579000013,119.888925000021,88.9855209999787,-395.732249000019,
95.3918339999855,86.1328729999941,93.2152299999661,80.5128719999807,-428.135641999984,
97.4635170000092,78.9679339999752,86.7330120000397,55.5491690000104,-389.414018999997,
99.5685199999975,105.840520999996,95.4049949999917,78.545320999971,-384.196551000015,
79.8166729999862,96.9635420000045,99.922542999976,79.1418410000069,-357.885500999993,
99.5935120000067,79.7163430000028,95.9061510000215,102.412927999998,-401.258748999968,
82.9194590000211,85.1119989999897,86.0958730000038,99.9025370000359,-389.986427999986,
54.5216390000078,106.994859000018,78.7914550000037,73.052289000063,-384.120256999976,
61.9367609999872,89.9103999999775,103.168336999997,99.1280600000232,-365.096873000003,
107.146097999978,91.3856130000022,99.5357809999873,98.2471480000295,-426.882110999984,
67.742985999992,73.0669199999952,49.9348699999896,72.1329659999942,-371.422151000002,
84.9211960000166,92.0148990000043,94.5070159999882,76.5159839999719,-409.279779999954,
76.7742139999887,96.7811369999908,80.7780929999676,73.6394430000018,-340.029609000015,
84.5689369999991,72.7733440000411,76.3935830000473,65.4481059999484,-397.431351999976,
62.7269050000141,87.6250259999842,92.7319279999965,84.0202730000196,-342.845754999984,
83.2132780000015,71.6583189999642,102.116985999992,93.5862990000273,-380.28427099999,
87.7224479999932,81.2832370000078,105.139733999982,79.8745600000161,-366.734142999993,
94.0845809999628,98.4643480000109,99.7703359999587,103.828062999989,-401.231255000002,
75.1314429999825,94.3080490000284,78.9022110000128,93.9980470000164,-374.640897999965,
105.806181000014,64.8145040000163,86.3449869999936,105.655256000021,-400.67292500001,
73.5802860000322,107.11965800001,97.5851079999861,98.2127119999864,-358.863225000001,
67.0026060000068,68.8707460000005,94.8132139999884,53.8896609999761,-357.865252000012,
104.409386000009,92.4074119999796,89.6496540000044,108.007677000042,-415.078312999995,
97.8418450000017,69.6186479999928,75.2058399999828,86.7512740000416,-386.754204000019,
78.3861139999658,71.7413930000475,99.6621810000393,84.1917959999873,-389.17044900003,
78.0543269999762,87.6125169999987,112.730374999998,113.030498000043,-412.271250000012,
60.5246740000061,76.8402400000018,72.1901719999728,71.6528919999746,-406.022413000034,
100.237904000031,116.473931999992,86.9238940000182,82.6267719999769,-428.714569999993,
72.0045349999464,103.297849999999,111.56477799999,86.1475749999818,-339.425403999992,
74.04411999999,74.4913639999904,78.3657009999865,73.9240260000111,-402.996443000032,
71.1634690000255,83.3812009999947,102.077765000031,114.142692999988,-378.921863000021,
99.4251610000083,92.891377000029,87.314499999999,105.705404999984,-452.435468999972,
78.3774390000108,79.1935259999868,63.2345089999963,61.7141279999951,-383.659946999963,
83.7170499999861,89.4101139999766,91.2800429999797,90.2392769999847,-365.855561000019,
89.0657449999958,90.223817999994,97.7941679999717,112.279929000017,-403.70362300001,
73.6997549999915,62.3516029999873,86.8514430000164,84.2795139999989,-375.378149000019,
97.6205920000334,75.7245220000045,71.0201040000429,94.3488270000212,-372.425856000002,
81.4137910000177,97.4212390000007,100.521933999973,86.9503260000056,-440.273120999979,
91.2991550000347,99.4274310000028,87.4167310000043,118.358381000004,-371.683607000023,
82.7292340000286,80.0184989999766,96.3231220000098,103.83008099999,-458.469326000013,
107.025050999959,92.8413409999916,73.3349760000092,86.0878570000054,-424.907837999967,
89.9740539999984,74.7579709999709,94.0137849999915,80.2100809999724,-365.422346999992,
98.4310650000039,84.5846420000166,101.433377999983,85.8832339999849,-398.600223000034,
69.0358589999864,74.0609640000207,78.4228760000346,89.1685069999785,-414.592916999976,
79.4843890000102,95.5394310000179,85.9949560000082,91.2709639999925,-354.706306000016,
88.4264049999883,95.0806380000245,77.3722149999339,90.3307609999943,-365.209957000026,
92.9696519999748,123.685177000012,104.792921000026,95.6588549999815,-397.309452999978,
81.7396150000045,110.953074,67.3111670000349,85.7377739999984,-392.846364999999,
87.9588999999887,71.997212000017,92.8047070000371,98.5213859999981,-409.648174999981,
90.2101689999977,109.765032999984,72.5008270000076,54.0480460000072,-359.787865000013,
71.1371930000164,73.7783539999796,82.8289500000228,78.8199000000013,-321.481291999989,
81.0431630000071,98.4746549999977,77.2891379999905,100.409847,-407.371998000008,
65.7645579999535,89.2108309999908,56.5508750000008,73.5081630000145,-309.195717999967,
67.9971870000245,65.1330890000104,71.6064960000213,79.2104240000067,-363.178615000009,
98.7288160000398,73.9364819999773,85.9790070000095,70.8459889999799,-370.311590999979,
87.5238730000033,80.8451710000272,80.7297969999895,102.063359000019,-349.320488,
107.77592000004,105.006920000041,81.8485580000061,99.6907699999961,-404.965366000009,
98.8026649999824,106.049288999987,80.1289799999886,89.2026060000062,-413.059390000023,
80.7921690000435,85.1657389999741,100.002847999998,91.9052320000001,-396.310575000023,
65.7786749999814,86.2433119999901,65.5866070000329,70.4449239999981,-394.886753999996,
90.1954139999966,81.849788999994,95.6636699999958,72.9462779999872,-384.763537000001,
66.8862589999917,73.0367959999894,81.6603870000017,83.0577259999727,-361.182393999976,
97.9620480000226,79.5945209999882,106.577820999996,77.457001999971,-391.593990999994,
100.744672999986,78.6797150000043,76.3809959999821,97.8814909999624,-405.511210999972,
92.1939770000072,84.1954520000263,83.7433830000105,76.8433389999868,-389.488916999989,
101.017078000014,89.1827959999614,76.2731050000002,105.179363999979,-362.673750999998,
88.1036599999888,76.9530830000081,94.2209399999911,82.7046370000039,-350.76327200001,
66.7972950000003,81.1617189999952,81.0665240000048,71.2447360000069,-386.242841999997,
65.0576599999995,87.0304680000122,79.5394290000249,92.0046350000025,-433.655650999974,
91.5152729999522,77.423836000014,99.7109669999559,87.101034999996,-401.25061599998,
86.9621059999645,81.9222529999993,66.9712579999828,94.9369900000215,-398.862727000025,
90.0540840000031,97.2223080000122,72.401080999965,80.7195299999653,-387.54273700003,
78.2074320000052,66.994665000032,82.1479070000105,54.5524240000273,-360.627996000007,
110.152227000006,97.6521559999828,91.8864979999835,80.9044349999895,-383.033959000001,
92.1500389999869,111.692233000012,74.9344360000241,64.5250849999643,-374.568848000006,
85.972294999955,83.1616869999539,99.1065100000342,91.9902930000076,-360.494549999992,
108.01823999999,97.9404949999857,76.3217690000065,91.3296490000066,-412.548805000031,
97.0558659999856,90.0693900000088,90.3696410000089,95.636372999998,-443.984377999988,
73.7431449999808,75.297894000003,106.963922000023,72.6587540000305,-398.288258000013,
78.7390370000162,99.7575379999967,92.2465030000171,61.3254419999798,-433.512349999996,
85.3725240000058,76.4115650000067,79.6042510000052,89.5735719999966,-361.246575999945,
106.690714999997,66.5455670000074,82.4036250000086,118.44622999999,-396.292156999972,
72.3415639999735,76.0009599999989,101.039038999995,95.6690309999822,-406.131241999996,
87.7010249999998,69.8008869999417,84.9159460000201,109.295068000013,-406.052354999983,
81.1461039999808,73.6894910000306,88.3732599999967,93.7611339999867,-419.616652000004,
102.957276000005,123.627073999983,76.9745279999943,96.0485199999853,-355.367161000004,
96.6677450000261,106.196226999994,88.4822020000229,127.24253599999,-379.158805999981,
107.473543000015,88.9506689999971,86.0057520000073,94.1290000000072,-428.174313000003,
71.7984780000097,88.8938670000089,85.3591209999968,86.1534649999935,-374.345166000009,
99.5948000000481,112.060066999959,88.5537999999674,104.257276999991,-416.629630999975,
79.9956450000082,96.9373680000313,100.300886999995,80.1947910000126,-363.547952999998,
74.1035989999973,81.5299220000352,99.2523969999729,125.541408000039,-372.156950999974,
94.5961150000253,87.2181520000254,95.9217580000036,88.977147000006,-358.876031000001,
77.2212089999925,51.6955760000083,101.405240999982,69.8532890000029,-392.983894999968,
80.879845000009,71.3726479999964,75.9323050000344,60.9229640000117,-399.409411000038,
91.5276430000031,88.1699839999851,87.2072090000115,90.2595860000361,-430.71724599996,
91.373114999943,70.6784319999847,90.7703010000146,78.6950709999933,-401.897607999986,
88.6211009999888,86.5989719999843,88.4889169999979,77.6000799999974,-396.280181000016,
77.5397130000088,65.1901149999885,93.8111780000154,83.5325969999867,-392.646400000013,
94.6029629999875,79.1540320000177,75.6692020000082,98.8517859999897,-398.532026,
97.8691019999897,61.0534259999981,76.7793520000023,94.9599689999868,-398.952442999991,
74.1241839999961,113.21245699996,80.0741149999903,76.9280409999947,-370.936231000003,
117.469902999949,85.8272730000222,66.2283460000153,58.5042679999979,-362.615240999959,
106.047738000013,88.8940059999914,94.683040999982,94.683040999982,-424.816088999974,
79.0198409999921,94.9721630000226,82.6257309999846,92.8633780000087,-438.557115000041,
79.8580880000163,86.6884620000073,89.6700020000017,90.6877679999816,-446.40623500001,
63.9305270000123,63.9305270000123,87.0913350000392,85.939610999978,-377.865695999987,
87.4483699999955,67.6491399999759,83.5309590000084,97.2327070000115,-372.407867000041,
97.004934,82.9211669999945,87.9394670000488,68.7111080000259,-391.99792200002,
93.9293780000176,96.7549240000089,85.3771699999784,86.8186530000326,-420.145878000004,
82.7595659999865,80.6918470000064,75.7910490000222,89.5341289999833,-397.223562000015,
87.255288000023,81.7034849999832,101.411615999977,85.598493999988,-424.025560000006,
89.1291659999861,105.567206000015,82.6466139999907,66.2741189999801,-383.233763999995,
78.7062109999929,74.740311999964,67.9735240000036,70.3291370000165,-391.058695000013,
80.5614319999886,80.5614319999886,72.8831779999828,66.4673700000285,-344.934468000006,
111.739173000012,81.0650810000175,100.806791999963,98.4213240000331,-410.014236999991,
75.6692000000198,75.529641999969,86.3042940000082,80.2872199999656,-378.486738999998,
78.164432999999,71.4847040000227,83.8713589999984,85.5246319999915,-440.725247999982,
80.4644890000154,82.6911830000067,77.3194180000505,74.1326860000004,-307.363288,
92.0840240000043,87.604353000017,73.7768040000228,101.176621999977,-349.885463,
64.2394630000053,80.4623480000382,89.4828069999789,77.0411980000126,-397.642944999971,
93.4435170000052,88.2090569999741,89.0386329999983,88.4997740000172,-389.332085000037,
94.5338940000074,82.1687860000061,81.6512850000267,73.5122059999621,-371.458607000003,
103.275205000048,103.572111000017,74.998927999995,97.2131379999773,-376.923319999998,
88.3865819999664,83.5973370000415,81.3528620000188,57.287492999968,-384.902023000015,
62.4526820000178,73.6674519999738,51.5558630000137,85.582294000008,-397.172450999984,
91.0685439999734,96.4570240000012,136.890167999987,87.3053969999864,-393.266887999995,
76.5923299999886,93.5294160000053,90.5790599999473,76.0921819999971,-393.75900900002,
83.8755590000292,90.2242940000042,100.346758000019,95.4921050000016,-415.965581000009,
75.7197360000246,63.8915149999452,83.1660659999884,89.9227120000301,-384.558465000018,
82.8551599999596,70.8746120000083,101.510004999988,51.8342520000137,-432.975351999988,
92.1044579999943,79.877227000015,98.6426949999945,101.060327999979,-401.029909999961,
78.0808199999806,92.4006559999912,91.6762989999461,84.3458429999937,-356.540946999992,
113.650978000018,84.3400240000001,108.092353999988,104.442352999973,-410.452251999989,
81.096355999995,86.3070579999876,99.469804000028,83.0123890000327,-393.852128999986,
92.3386680000381,73.6040430000039,88.3693379999818,88.3680700000155,-465.282401000014,
54.6287020000104,69.4464340000141,80.805889000027,74.1535789999862,-387.093827999973,
103.842750000006,65.506169000002,75.6457570000289,101.296805000005,-388.13415200001,
82.2298099999939,92.7652409999691,89.3073290000198,84.3472899999961,-363.540920000023,
103.066695000011,101.577815999993,101.577815999993,100.270067000007,-392.343355999956,
88.8038830000232,94.0491560000214,94.5373870000321,112.25425599998,-407.503527999981,
102.175179000008,64.1372570000426,95.5503460000423,87.3322210000215,-377.316856000033,
106.48790299998,83.7137119999975,91.4549199999906,99.0405980000014,-385.586174000003,
88.5214170000067,88.5214170000067,107.000283000018,85.5207760000071,-377.467442000009,
52.0343779999557,103.808954000004,96.9091669999907,94.3474720000117,-344.947188000006,
77.9555559999817,99.6976280000376,100.238912000033,94.656193000033,-372.245839000015,
88.1408389999997,92.0773610000183,44.4173599999845,93.140584000033,-391.339142000014,
78.8129530000315,71.5734619999898,78.8938579999849,90.5983319999823,-396.528030999994,
73.1627320000221,90.0433099999896,88.8463149999998,85.709310000022,-368.612460000007,
85.0170589999825,98.2213020000254,97.2909970000574,88.5077470000006,-422.691799999991,
112.919681000001,88.5489219999981,88.5489219999981,113.554124000018,-386.135074999967,
78.0677160000409,117.646530000008,82.9733770000166,65.733677999975,-396.082394000006,
87.8665369999835,102.539791999985,80.278314999965,117.245641999988,-414.004959999986,
99.2023480000198,109.113029000003,68.8869880000138,98.6250629999809,-375.872764999979,
85.0271900000266,80.5223619999979,109.780376000009,96.477389000032,-397.065074000015,
79.9717570000157,75.2251889999748,86.703146000008,99.3438309999865,-427.122571000021,
69.3280539999932,86.6327769999857,99.477115999995,62.0123920000069,-385.306197000042,
89.6592580000124,97.4555320000181,68.9796150000097,93.1026150000062,-414.655579999981,
76.5184500000246,99.6262029999948,81.5877690000129,93.7487880000203,-370.466219000028,
53.7569929999713,89.8193260000053,90.331841999986,61.3581059999924,-386.78513300001,
98.6027460000087,106.404413999996,75.5204659999849,96.0376429999928,-423.44691800005,
77.7438989999819,70.8902919999923,63.557543000054,78.3845750000528,-390.632306000007,
68.98600699997,90.9468200000169,88.2420680000073,73.2716320000145,-370.572163000031,
72.0013290000011,80.0046750000361,91.9509350000158,154.86878599997,-394.791925,
71.959105000044,87.3632989999965,70.1156899999974,77.5531530000003,-396.447019000003,
60.725332999983,77.4649400000108,76.7513570000169,63.4866210000337,-410.766920999994,
55.2536680000221,63.6615850000367,63.6615850000367,59.4179820000045,-369.686998000025,
71.0024289999856,107.851744000018,84.8786219999938,107.621358999981,-436.833895999992,
108.690987000007,96.424511000027,83.1789049999825,79.4170950000198,-441.359564000022,
81.4213599999798,124.304655999967,77.094182999961,109.420679999995,-388.000936,
59.9977539999827,77.1582790000193,86.2031219999922,66.3668450000214,-358.168468000013,
79.5163950000338,78.3671510000131,91.3017579999982,99.6006539999898,-429.412900999966,
70.7556189999909,77.9937370000121,89.2576119999635,76.4284230000012,-366.120605999989,
102.682675000029,92.8889440000376,85.1242120000034,103.629227999999,-405.563476000001,
83.4740440000114,89.8298279999844,73.430123999995,64.0361720000074,-409.552125999964,
93.6996480000139,91.1537020000133,86.3362799999923,85.4333230000066,-427.212750000002,
73.2539760000004,80.8367270000049,87.2911950000148,89.6923869999932,-377.115591999966,
80.1689870000459,95.2739190000275,69.7461390000053,107.288043000009,-401.711810000043,
92.610389000024,106.164377000012,56.9334570000042,101.639637000023,-413.509037999999,
77.3085600000222,99.539686000001,107.085591999968,119.294943999982,-433.863124999971,
77.289656000019,93.568267999975,95.5426700000094,69.9339349999864,-397.656212999978,
92.8537129999786,86.930150000012,113.903969000008,59.4380419999861,-395.162763000053,
84.5671980000161,103.712050000013,85.3910589999773,76.8081620000048,-332.287496,
104.550062000001,87.7810929999464,74.8799470000308,103.779441999976,-395.071399000023,
95.7813919999803,83.8978930000358,87.4932149999845,87.4932149999845,-405.193995000007,
86.4939409999797,79.5416589999868,86.3313540000104,82.5001830000292,-411.212392000028,
129.387803000012,63.1466370000212,95.9530899999963,85.5818439999825,-380.38323299999,
90.8944399999727,98.5115499999874,118.492867000003,89.421966000014,-425.405532000044,
91.4259870000183,77.0423050000131,98.793331999967,82.1246979999728,-397.157004000001,
84.151492000005,92.653656999993,75.5269099999632,69.9283199999804,-382.450938999987,
94.169602999993,83.4700629999656,82.5776799999699,99.9740780000134,-406.508429000029,
85.0984160000171,74.3121010000264,87.6694689999986,77.2948690000121,-350.466315000009,
73.5549100000007,94.9650449999999,78.8052950000006,83.3092739999879,-367.836252999989,
101.420330000029,106.440493999973,73.4266250000242,95.7553399999942,-466.673394999988,
93.3428500000146,44.6106379999974,96.5149789999887,95.8789750000192,-404.651430000006,
69.9717430000023,98.5337920000115,66.3386240000391,86.1483500000031,-406.822529999985,
103.83338999997,96.4473970000045,82.3347160000508,110.07157499999,-454.120332000006,
73.0106300000002,85.1121970000222,87.0196279999909,69.1223240000099,-398.008123999985,
79.6856809999917,104.612714000017,76.4090830000291,108.515344999999,-409.87921200003,
83.9263690000048,78.1107160000024,79.6208869999923,87.4863759999625,-381.730422000014,
74.1379100000145,83.3228989999761,90.7545020000002,92.4500639999919,-399.345128000011,
108.193966999961,81.8719730000321,81.8719730000321,66.8653229999886,-416.854323999978,
52.194200999983,114.140929000001,100.167331999966,96.4768019999851,-376.100690000009,
105.613276999993,60.8236279999505,70.2443599999892,69.5157970000078,-356.593499000011,
86.3460370000339,89.7615999999862,88.0873450000208,69.2690969999535,-374.265062999991,
103.226340999996,67.7303409999936,105.348823999976,91.610764999994,-375.712150000006,
86.1690540000104,79.4677699999847,59.4832640000104,66.8161999999984,-382.518166000047,
83.0956040000256,95.5482019999927,72.4025300000167,53.0633669999993,-408.068436000004,
96.2737279999947,116.886046000006,96.5676080000076,115.52846299998,-452.597802999993,
100.468049000004,85.4114379999978,86.0141709999916,78.8485160000128,-408.465539999997,
110.608470000001,110.377715000031,81.2258390000356,103.013375999986,-358.690399999988,
102.875945999989,105.628076999974,82.0979109999948,79.0567070000202,-385.719022000004,
82.1779829999969,114.944170999997,113.722753999983,87.3904220000159,-402.658239999994,
88.0422680000124,81.4211999999807,85.1727559999895,68.1275419999893,-346.596574999988,
94.794794000044,78.1536920000131,75.8648820000044,59.2240369999827,-369.399367000015,
85.8645069999893,94.9549399999923,91.4446930000381,84.9989449999825,-382.717435000047,
76.6331159999904,100.739493999979,80.7835940000277,93.7943439999722,-464.25090099998,
78.4285189999982,96.4701750000099,100.886722000011,88.2848329999888,-436.007723999972,
106.608873999972,84.0591460000128,62.1601719999694,86.6610080000005,-376.487534000003,
113.31773900001,94.1048260000225,78.7627699999889,87.2251679999854,-382.595977000014,
75.2696339999875,95.3191560000068,101.433622999989,102.247972999995,-390.519842000005,
91.4646860000189,86.0836070000273,98.4062919999924,74.654353000019,-430.034462999995,
80.6450599999816,113.100323999957,88.6277730000056,101.05268299998,-435.851278000006,
84.9164700000147,82.8669910000199,86.3573729999725,105.642582999972,-393.118686999996,
99.5971929999873,76.183012000005,101.406498999968,101.406498999968,-426.421260999977,
75.2446520000212,88.6033579999967,93.6865050000069,90.5605360000213,-440.929584000001,
97.3122379999886,104.125914999976,78.0128599999839,90.3362000000202,-403.115394999992,
85.0707520000306,105.556270000031,81.6696000000247,74.3053089999917,-344.637140999977,
74.6570509999619,101.715596999997,76.5044070000104,54.7099970000104,-372.27416699997,
89.6239959999903,92.1735539999763,103.684912000021,93.7834579999935,-370.805666999969,
87.9380420000143,111.683990999968,88.5372019999818,90.6075939999841,-421.29500199998,
69.0681769999824,90.905838999985,93.0355249999989,75.8872869999932,-371.202563000025,
79.396942000013,63.5772160000161,92.9209979999955,81.3390989999903,-410.624359000009,
66.6292240000207,98.1594769999951,71.9714460000118,82.4371910000259,-351.072825000012,
82.7613439999891,97.2345849999542,75.1670870000144,85.9250850000249,-394.611458000023,
87.929256999988,89.6250870000067,98.5394620000006,121.129639999991,-469.920395,
83.5785310000069,82.9348070000119,91.8723519999803,82.9016999999876,-355.394222000031,
76.899682000012,96.2739520000105,91.4376899999875,73.7024509999987,-367.132864999972,
89.6352050000137,85.5243709999922,95.4479110000152,105.913324000031,-394.27629300004,
87.1942409999651,92.1350150000003,71.1643780000122,82.2560899999917,-380.96266900002,
81.9931690000276,68.6822329999918,99.1835329999576,93.7397329999858,-332.605304999999,
90.523569000014,78.1997810000125,98.3247080000333,80.0377309999844,-374.194303999993,
72.6906269999781,49.1536519999581,80.9813359999443,78.0002699999945,-352.021158000007,
79.782869000032,113.783125000056,100.728745000024,88.0825729999856,-359.082974000001,
73.5213959999878,81.2530310000116,60.6548780000126,84.3557169999781,-373.283875999953,
80.6699120000021,59.5371809999756,110.794370999992,103.830331000005,-382.79709599996,
101.968152000026,69.9684030000144,108.637500999978,93.5540870000286,-383.065692999977,
72.9917759999798,70.247923999982,83.3487170000049,110.065111000018,-407.093219999992,
81.2347869999871,78.4200820000256,82.5472679999898,85.4418479999481,-386.093752999999,
89.7959440000222,80.4169330000254,96.266641000022,95.4210400000334,-351.225308000003,
105.705867000025,58.331504000007,107.780291999981,99.8726979999806,-389.594808000006,
69.4693009999778,71.3958010000038,90.416495000029,80.3894469999714,-392.130964000009,
110.712011999991,98.9027640000118,69.973432000003,108.699210000007,-371.283976999996,
94.9985640000109,116.576977999973,111.305751000015,87.5945490000054,-374.602268999964,
72.7742650000064,77.9299020000058,72.3461560000273,76.0440789999943,-434.292537999956,
95.4017269999927,67.2716829999799,100.69169500001,89.4086820000011,-386.840684999981,
72.85192399998,92.1110889999823,82.4057780000135,92.3739180000007,-391.733778999996,
87.0980039999877,84.9969489999808,85.5944189999923,57.1066050000063,-366.732422999993,
75.6168219999727,94.2441109999786,92.3014740000158,118.153256999979,-383.282000000016,
74.5542090000226,77.510350999984,85.3749409999964,73.9937739999918,-408.339240000002,
86.1042740000307,95.1346480000507,86.1042740000307,88.7431540000193,-357.397867999976,
111.457645999986,94.6384759999546,81.5987160000245,104.69744899997,-400.506638000006,
108.764748999991,98.2711860000468,100.486245999992,63.0569089999831,-405.197943000031,
111.215838000045,102.53652200001,111.839578999971,87.8425819999725,-392.189053999968,
100.493784999981,109.466102999992,78.8042160000196,103.374696000013,-353.526798000011,
64.622015999983,81.7700969999842,64.622015999983,64.622015999983,-400.229872000004,
83.5825930000101,81.2995859999814,74.9551779999965,85.0021330000091,-394.27649600001,
99.2449060000026,89.8332489999566,81.9897980000128,109.42521900001,-368.250545999996,
91.3732529999752,76.8625169999959,108.827642999987,77.7087980000051,-410.366297999963,
83.7070650000105,82.6795039999847,78.6589660000095,80.0147419999894,-411.641364999997,
95.6508660000186,78.3940980000475,66.0911909999968,100.866481999992,-396.642993,
86.1410240000155,72.1289029999725,66.0220409999874,72.0645529999588,-407.76387800003,
69.6003999999884,82.4142259999785,73.931913999998,84.5761539999921,-452.411787000026,
100.725772000011,91.8522250000137,64.5786580000404,69.0500560000219,-443.958192999992,
88.3545489999806,86.1938610000298,95.2265229999748,63.0393000000045,-432.264882000027,
97.8776689999991,64.2167240000131,81.4621789999442,91.0472729999565,-353.332176999998,
81.9820059999797,71.1196420000147,54.6896889999771,72.3422690000471,-397.616873999993,
118.017574000031,84.831523999992,75.1966099999986,71.0052469999941,-363.875069000036,
78.253218000003,95.9638770000333,99.434436999999,98.8129339999709,-397.354825999963,
81.379155000016,80.4434320000282,70.8074129999559,89.3862180000069,-336.251670999995,
95.2716969999815,98.7762229999753,57.1731639999866,123.57912999999,-357.472483000016,
76.4385510000152,85.9256450000175,99.7967729999855,57.1862680000063,-381.230399000005,
85.3611560000409,78.1313409999839,78.0260720000019,105.514011999999,-381.822764999988,
80.0970550000125,111.836039000003,88.192506999967,91.6569660000041,-352.075459999984,
82.5116389999876,74.8801150000163,83.9702770000049,95.1127590000083,-399.231473000008,
74.8656969999784,80.7836099999886,73.21801,89.0507399999674,-391.884703999964,
79.5553619999705,71.5227569999688,71.8472750000319,76.1912609999972,-332.395743000007,
114.747995999991,79.7579929999488,67.728841000021,99.66653699997,-407.951560999997,
81.1285180000091,64.9561729999864,109.518082999981,96.7003729999919,-373.580567000019,
69.3053900000141,87.8350530000203,77.1204780000148,94.588325999991,-405.836559999982,
77.3117409999631,95.4764720000244,102.359883000006,80.8410380000169,-397.145167999987,
93.3548129999913,75.9866009999864,92.0587969999883,94.7382580000117,-383.650469999983,
96.4588420000327,82.2684199999944,92.6072269999968,120.954687999961,-395.949776000031,
84.4678420000364,84.0008709999925,74.8513549999907,90.8371820000471,-397.639896999993,
103.18984300001,70.5814809999974,65.9215700000177,86.8770080000204,-387.048989999964,
105.029245999998,78.6339169999583,96.3658840000239,85.5962930000219,-381.189104000022,
75.9983189999771,76.6021570000298,79.8323019999839,73.3432909999678,-400.384644999968,
138.141463999982,76.2461399999752,80.2012549999968,138.141463999982,-407.92373500002,
91.736317999972,107.467421999989,99.211191999982,115.967198000001,-430.049560999992,
98.2225740000163,67.0393010000412,85.8419000000245,102.077574999995,-382.837083999991,
85.1629870000074,101.842088999999,102.753872000034,92.7639260000133,-382.115527000008,
79.8095489999951,92.6548629999606,84.4809320000068,100.880466000016,-411.092164000037,
100.251010000032,100.869751000009,81.5271149999776,96.9566190000301,-365.796773999984,
100.691501999968,86.4184180000098,104.526863999984,84.5764060000306,-395.386571000008,
85.6992019999952,92.1159829999674,86.972329000007,103.754788999953,-382.093741000002,
74.494053999982,98.7612029999959,93.4709250000246,79.8832370000209,-398.827242000004,
79.3500729999928,92.6110399999438,87.0638279999812,101.197059000029,-387.145717999989,
70.1653079999901,103.012601999978,104.448475000012,77.3303110000084,-381.934336999974,
74.4091839999746,110.206224000024,87.0855080000165,79.056546999992,-387.533519999977,
75.182092999989,84.1090069999877,120.756973999993,98.4350780000232,-374.906800000001,
85.2630409999751,98.8609070000048,104.748329999984,92.9760639999854,-360.507396000031,
81.4737939999641,81.7945250000162,120.882404000045,97.0706439999744,-408.947144999998,
83.333350999967,75.1332980000557,110.945132000032,120.274359999973,-367.816169999989,
80.0747959999921,78.5422610000396,86.4952349999749,79.5778069999637,-402.680341999994,
67.4369789999837,80.2618370000528,67.0893130000122,110.723136000037,-424.52324,
78.0722880000139,70.647232999992,62.9733190000029,104.358972999974,-378.624931999972,
65.4398409999849,74.2977009999859,72.525646000026,79.4296849999869,-423.247102999977,
75.2222139999885,99.076079000004,92.7725470000119,64.143124999991,-408.602537999988,
72.9166919999993,87.7566199999937,78.3407129999914,89.6744470000008,-379.16738100001,
62.9024049999666,101.892113000001,103.118264000035,89.5065070000278,-386.858193000049,
81.0906419999924,85.4475079999816,93.4196199999901,88.7372840000053,-423.185728999984,
110.980961999992,90.2105959999703,90.2105959999703,83.0725189999926,-397.94492699998,
87.9315399999905,66.630382000003,80.4614139999562,81.2300400000299,-385.893436000013,
88.9038530000012,83.7157680000087,92.3302579999918,103.304086999982,-408.450326000002,
85.6781930000084,77.590147000019,86.3073880000043,98.0451269999758,-336.27446199999,
98.1600399999979,106.588925000028,104.704650000012,105.21286299999,-433.951431999997,
81.4184029999992,78.9333960000336,76.9179070000018,78.9333960000336,-366.354266999983,
61.9488989999904,82.171633999993,62.1217269999593,57.7662850000179,-387.842658999989,
109.700856000014,93.2697870000225,68.7847850000635,98.7868939999667,-426.608026999993,
90.4956090000292,70.4127890000264,65.0942160000359,59.0745789999946,-369.751864999973,
53.5982029999882,61.2502719999911,81.1313260000061,60.1076750000252,-314.644799999995,
98.0813299999654,104.38733900002,88.0994899999928,80.4319540000124,-428.633236000005,
71.5557490000265,106.172160000001,101.278688000027,83.6977900000097,-410.607328999969,
77.0391629999563,83.5164769999819,90.4792110000408,82.8140859999762,-412.991425000007,
97.8404539999947,97.1990719999881,97.1368560000196,95.0055790000047,-406.502527999987,
92.0413410000406,66.6434190000227,93.7933000000135,89.7363620000283,-361.802160000002,
122.440732999999,101.48682,103.488538000004,112.719193999987,-385.454766999997,
106.710716000019,92.9528430000087,117.722449999962,104.596462000048,-386.223098999971,
90.3043640000396,86.0953349999781,87.010794999997,90.3043640000396,-363.427546999949,
84.8929859999639,81.4825509999773,105.260414000012,81.4825509999773,-409.854420000036,
88.4104690000063,75.4302009999901,88.7311429999913,63.4922289999872,-354.288031999991,
110.459345999973,90.0288759999853,70.8697289999968,121.720098000024,-378.879845000025,
97.2441449999924,78.5867270000113,59.2179699999674,63.3489359999712,-363.31185,
94.0362399999926,106.83921199998,89.3745960000042,84.8129210000357,-436.55052100002,
87.2924220000427,83.1764149999822,89.8822650000529,90.7384870000346,-385.098245000011,
100.403750999993,82.2335869999974,64.5958239999659,86.0712450000096,-389.786877999986,
96.94650399998,63.9982330000007,97.8376600000374,111.357783999999,-386.175677999989,
82.1687200000079,86.2575629999633,108.343328000025,97.4726840000362,-366.888353999983,
92.0857670000128,85.7011979999852,88.5302070000448,83.8354620000132,-380.809495000034,
81.0605939999905,80.0787900000114,90.0467819999972,96.0711899999801,-405.685183999999,
80.3573949999682,76.2128470000002,68.2663870000147,78.2170530000194,-372.499220999955,
70.8151079999675,87.971735000036,61.1851520000137,69.0218690000061,-412.539137000006,
55.8712680000008,77.6305170000201,59.0634130000017,84.1014970000419,-409.038535000023,
92.6318639999995,81.5202910000362,89.9058099999893,80.0781100000081,-350.145827999987,
70.611204999982,62.3383029999827,69.7190040000096,76.3410449999756,-367.905687000021,
93.6855809999847,62.8976630000125,49.1184489999623,88.711216999985,-409.370965000001,
91.205159999965,76.4974600000392,87.4136039999698,81.2414469999858,-428.043105999959,
70.7781790000186,104.682524999994,77.7198750000161,119.65244800004,-424.898111,
78.3109530000165,78.837444999991,80.9882489999945,96.5277680000445,-389.580095999989,
90.5049769999964,76.6854360000061,92.7723939999732,93.8572610000015,-370.854237999993,
79.3117669999929,90.6132820000103,63.4697569999839,83.3409319999951,-386.320757999964,
105.043966000019,97.714630999983,97.1452540000018,78.4902989999355,-390.806625999972,
73.8351669999834,61.6390700000034,99.4852369999962,81.2236970000231,-404.927188999995,
97.700777000015,128.775303000046,80.0014160000055,103.051178000049,-400.445471999986,
113.629747999998,81.222765,76.2465509999793,78.1351610000092,-370.897624999999,
93.8578540000394,101.194629000009,84.4455819999866,111.873552000007,-413.735782000019,
75.5458130000061,81.2855929999914,109.642497000045,121.245376999987,-404.486254,
62.2686529999633,68.4468529999795,86.3662310000077,82.5491239999619,-432.286079999985,
110.998544000005,96.3254979999774,116.794875000023,81.239805999945,-442.427052999986,
69.6520750000277,115.287129999987,107.871648999962,74.1226870000123,-431.454329999987,
89.5531200000228,88.8765729999877,79.1864670000382,76.541447000001,-377.227435000003,
89.0792280000105,87.7489990000045,110.961390000021,92.4705949999707,-365.010915999984,
72.9738459999639,87.6215770000354,79.6123720000101,56.3552199999908,-382.201932999981,
82.2700210000216,97.794379999988,84.1355200000294,74.134058999995,-385.098366999976,
82.3698199999794,58.9114920000079,65.9780730000048,88.4966720000166,-390.081335000024,
104.004869999997,86.9815019999801,103.48033600001,94.8644270000291,-410.747817000013,
106.337166999995,102.063556999979,114.340509000001,104.775204999994,-415.274133000024,
91.8891820000199,76.6532800000059,91.7045209999969,83.7486690000114,-355.396987000016,
52.9790600000438,62.2161669999832,88.3352879999925,64.9377150000237,-383.007204000016,
84.3549860000262,85.6409069999722,84.7210299999865,70.0363090000033,-358.069644999994,
97.4207040000447,96.4826570000105,76.287543000019,116.318560000013,-364.886033000022,
102.903101999952,71.3140489999646,95.4798769999502,80.8763849999814,-437.457825000014,
72.1024709999842,79.6405789999612,82.6077049999917,101.088058000012,-374.928592999975,
90.8706730000285,84.8801889999631,91.1714429999838,94.8259770000054,-390.338322000005,
80.4000319999973,49.7209769999931,100.167377999993,94.4514029999546,-385.702478000031,
94.4177209999925,100.417753999982,98.862812000003,88.6025749999908,-454.163035999996,
81.0306770000002,116.830077999987,84.0438359999903,90.8583439999861,-367.887687999971,
66.8809820000256,77.4149370000259,75.315385999967,63.6249910000097,-371.750108999961,
88.9799480000202,72.5125190000253,84.1153469999899,81.321357000013,-394.072893999998,
76.7477230000059,71.1000250000034,71.1000250000034,90.6988960000149,-381.469899000012,
75.5433759999728,80.1611070000149,66.9695530000417,72.1969330000256,-376.270145000036,
90.8026519999953,103.264342000025,86.4682190000253,93.6480060000345,-384.671344999979,
83.8012979999908,79.2133290000052,52.1078809999935,71.0113740000115,-416.38980700002,
88.2333890000186,88.2369560000079,71.9148989999794,93.0770649999595,-378.866419000015,
98.3592449999887,78.1310239999866,66.0365990000096,68.55848900001,-392.115141999969,
79.7790119999868,87.5271359999779,99.4866849999894,95.3544980000179,-386.574237000028,
69.9580400000173,88.9446720000228,103.641460999986,83.7866789999975,-441.908199000013,
95.4833649999891,63.4971119999532,92.1364329999733,87.5501720000143,-395.808784000027,
80.117499000014,92.0141050000102,106.796797000027,91.449284999987,-397.824329999989,
77.0230110000075,102.492920999995,96.8878309999986,102.492920999995,-349.307077000019,
99.9471959999678,108.038150999983,92.374685000008,102.01705900003,-465.319876000013,
85.3394670000089,102.667776000014,90.13512300004,98.2992470000104,-394.460090000038,
101.334766000024,88.6092449999874,92.9935059999984,108.604067999991,-421.430409000001,
91.6890769999764,82.9345259999855,101.763811999994,95.3596069999712,-408.577489999964,
74.0683059999956,73.4980050000222,80.4328309999928,64.3887669999781,-342.764827000001,
88.3975350000032,92.9094950000022,89.9244669999866,87.3735970000021,-377.697482999953,
87.2907319999895,88.9467350000009,92.8431080000191,99.4807039999978,-365.039690999972,
72.3475340000009,68.6422830000129,90.2121979999715,45.0157180000297,-375.453551000001,
87.0021330000159,69.1225570000047,81.3867059999693,96.7534230000065,-459.212005999987,
87.8007520000228,66.5774249999645,100.275522000014,92.3069250000003,-358.090613999996,
114.389562000043,114.816450000025,103.132150000002,89.8141789999968,-419.375297000012,
78.8324899999834,96.3954269999672,65.9753950000268,61.6595670000193,-402.999027000012,
90.0424120000062,70.4161359999966,86.0710559999829,97.1204110000072,-401.474848999993,
103.731085999948,58.5238690000342,77.9303799999789,62.6299409999738,-348.872454000023,
94.2973770000076,101.378771000039,94.2973770000076,102.357469000045,-412.414814000022,
92.6242359999765,113.823858000022,106.732567000014,94.9555530000011,-435.234845000032,
87.6340409999775,81.1101609999964,108.740784999974,83.7376809999946,-386.013726999989,
102.045507999989,93.6964819999798,102.610243000021,82.0654509999813,-364.876998999984,
91.8475119999953,80.9584279999826,84.2717189999767,83.4201099999982,-382.336707999992,
82.2572110000065,78.2149239999649,74.7177310000056,58.6398099999765,-402.281289999995,
72.9831160000181,94.3594529999841,89.5039200000078,93.3815580000232,-382.876969000021,
85.4137340000057,83.8322839999878,106.843393000038,90.3556789999989,-379.392176999998,
86.2442279999814,63.9734189999572,71.6532040000207,86.6956789999954,-390.039336000006,
88.4864800000064,71.5697109999778,114.828592999951,97.7711209999793,-368.923787999995,
89.9837470000061,104.700523000012,116.329865999986,76.8163659999923,-399.544490999975,
78.2213029999925,107.955686999995,79.0892839999951,104.074185999999,-447.091116999979,
76.3900800000292,113.547545999982,105.455424000012,102.311940000001,-372.932006999987,
99.5704979999805,66.6439640000099,66.5815640000342,72.0144389999991,-371.766707000014,
96.5455369999918,75.6350899999893,81.8835989999852,75.482869000024,-413.755080999999,
93.4155879999939,104.864333000016,80.0166069999618,96.6549990000094,-412.344043000008,
73.0999600000123,81.2147289999762,98.0445509999963,73.084967000028,-353.250864999986,
121.036797999959,83.908265000031,88.7531620000377,74.7614109999458,-386.234676000002,
80.9529759999705,101.757194999981,86.4287579999891,88.7213230000034,-364.920107000027,
75.2444469999828,77.9882840000373,81.6567790000072,84.7875909999648,-360.056391999994,
90.6242450000063,101.349037999991,90.0917659999877,107.049114000006,-439.040023000001,
63.4683630000136,101.225439999974,83.3896849999783,99.4891829999933,-381.409480999973,
105.634759999964,100.357089999992,76.0342350000024,87.3005759999965,-414.867935999974,
108.593551999973,85.1088070000346,83.5826800000004,84.4442649999646,-361.512087999956,
97.8524629999911,112.391444999998,88.5524289999958,80.2382149999935,-407.346388000023,
78.4828490000041,84.0620549999753,89.2221859999795,109.968903999988,-385.456592000036,
83.0066829999682,85.4029460000179,94.5972279999805,76.8859550000552,-338.753622,
106.882622000017,102.894101999943,92.9389660000493,112.072548999995,-434.946394999997,
81.5324250000158,66.1820420000095,70.6195829999724,103.151491000004,-382.263789000007,
98.0362430000023,105.448004000014,104.325236999981,105.525032000028,-395.683162999967,
100.817290000021,85.0760049999744,101.503384000009,75.7030729999969,-363.250792000018,
88.6545109999447,90.2284629999945,67.652076999987,65.9049029999919,-360.45628300002,
83.9382729999643,70.2424869999804,49.0695610000116,94.5262300000149,-382.699449999964,
89.8110989999695,97.3246149999673,84.2801859999718,84.2979370000153,-389.682997000024,
84.0953160000104,62.2756929999869,95.6045100000201,109.365308999958,-382.857042999994,
80.78576199999,94.2415689999825,61.9550330000252,102.25226300002,-368.97077,
80.5594379999966,96.5533139999725,87.9045839999935,86.9850539999538,-339.693947999984,
75.6000760000206,86.5907579999575,124.577941000014,95.2578920000246,-429.613065000013,
78.4953120000087,92.0163860000007,95.197422999991,74.1494040000161,-366.391810999994,
105.103288000026,69.3361379999938,70.7564799999914,62.2932260000066,-343.025869000025,
75.0482039999952,81.8999810000014,70.1299889999809,82.7473640000176,-374.453785999986,
58.7914040000246,83.5210749999828,104.222265000013,83.2237819999964,-309.827345,
88.4508589999937,72.8360600000328,110.11291599999,91.7150449999622,-423.59679100002,
82.8389780000202,95.0233089999738,85.5796369999935,94.5729460000011,-364.973565999991,
65.8358859999971,65.6594190000037,72.6206239999824,97.1471320000164,-411.579926999994,
85.9584399999881,93.4661660000306,76.8701830000164,93.8685669999841,-399.099758000029,
101.75545600001,87.31624500002,87.0355839999988,91.1669830000046,-367.835944000044,
71.166027999986,96.7883380000089,84.705158999996,109.059334999996,-366.603042000003,
64.9481229999728,87.9157720000312,97.3782479999718,71.8036049999891,-359.714226999995,
88.0096560000238,88.0096560000238,107.576829000002,108.481472000011,-433.891953999968,
72.3528310000042,82.789664999968,78.2990510000386,56.2020419999621,-394.75005,
110.914159000029,110.693139000007,101.146701000007,107.545282000016,-436.357137000013,
121.300195999992,121.512456000031,115.626981000011,98.6832289999934,-445.91373400001,
89.2971060000218,89.8509310000022,72.6646969999897,86.8451960000034,-392.29772899999,
79.3568419999988,87.4458890000215,113.951349000014,103.914511999984,-366.576403999986,
68.1295970000233,76.0271849999845,79.0256029999982,88.7435909999917,-368.976527000014,
95.0533830000104,92.460530999992,95.0533830000104,71.8789930000498,-400.755810000033,
83.0841470000187,74.882443999993,91.7108660000085,78.1196610000052,-420.761512000012,
52.4989450000025,54.1298560000296,78.2033019999972,76.6697490000042,-330.077498000007,
94.5469309999685,103.619169999977,88.7921070000034,95.8190640000093,-453.090010000037,
89.7901129999723,81.3720710000471,120.719875999973,100.469690999985,-387.681230000016,
89.2239510000127,93.1730329999496,79.9643759999985,93.1730329999496,-431.756726999999,
77.0469879999941,81.9201680000047,65.033548000009,98.6521760000205,-384.356231,
71.2409670000202,104.473043999998,109.845062999974,104.371448000007,-377.096907000003,
114.370077,73.3958159999888,71.3555640000004,87.6537440000238,-374.870586999989,
87.4679049999886,58.3872849999752,100.752958000017,67.2903610000017,-455.866106999993,
100.784418999976,100.784418999976,106.928648999968,87.5131870000532,-373.094554999975,
77.8183009999934,81.9932960000292,81.1869959999908,87.0676139999737,-380.891612000005,
47.0746589999785,89.1195739999916,103.123223000031,73.667638999998,-352.114611000027,
94.5275869999873,87.4677260000121,75.0887729999981,79.7273660000214,-323.954263999968,
78.2037289999698,98.5223550000046,86.5121170000293,66.0934780000034,-362.038523000014,
68.5812660000042,95.7386160000183,102.045968999965,91.9665419999887,-360.174561000012,
95.043184999985,88.650195999965,85.9977829999834,91.7648479999689,-446.23490600002,
73.5055830000038,87.4569059999731,96.8596440000069,90.8984320000218,-408.546245000023,
98.9399570000296,83.9173069999852,79.0515369999889,105.336555000003,-398.247609999988,
105.397613999957,105.046907000015,102.572635000054,87.4940410000222,-427.570976000007,
74.5193679999948,71.5634650000006,111.474998000016,94.6642930000062,-388.470901999985,
74.9361509999858,96.9011149999983,76.8675730000145,109.702857999988,-404.536885000009,
101.364003999982,143.953636000026,99.8057189999781,94.955471000017,-336.32847699997,
84.6306780000286,83.9454990000058,74.5071529999823,78.487988000003,-387.379030000017,
70.6429959999573,63.2785770000205,103.802988000001,67.3941729999983,-393.154724999977,
102.71704299997,84.7382789999974,85.5978559999944,107.976772999982,-358.001489999997,
91.5259939999719,77.7223810000341,83.445466000011,77.4234219999744,-405.861752999986,
95.7253539999797,110.436084999969,109.404513999988,109.986022000007,-448.09161000002,
91.8608149999923,82.7305629999869,94.0101800000107,87.7719010000019,-391.810643999993,
93.8666200000021,91.3179490000216,102.751792000024,85.7839689999651,-442.020703999998,
95.9791229999951,108.347331000018,91.6045519999525,56.193979000001,-383.246255999988,
82.7907420000242,89.0587700000124,98.5003050000241,83.6028940000197,-360.154729999968,
99.8342530000295,110.647844000028,84.142752999991,103.103931999978,-367.47522100003,
84.5767280000009,81.9853190000226,65.4028190000445,76.1844379999575,-386.529807000004,
70.2433089999972,70.3437230000172,62.5841720000158,103.011084999942,-451.576033000002,
81.5743279999961,93.6658030000058,108.682341999962,109.119134000017,-402.187557999973,
94.2025819999781,75.2988580000156,89.6631709999724,90.8674900000069,-423.304072000013,
77.8492290000354,85.247675000021,100.107913999973,94.4899860000164,-397.339526000015,
85.8009109999884,89.5504620000179,90.7619019999916,78.07661099999,-439.108517000008,
67.4790310000171,76.2726600000183,82.42631199998,109.641395000032,-430.60113499998,
85.8051319999963,95.6571969999909,85.8051319999963,72.9513989999864,-395.446328000018,
83.6916339999834,75.5164680000184,73.6899689999823,99.4849980000131,-393.817187999998,
88.3487310000037,84.1471789999719,70.1050089999444,69.5030519999805,-368.624990999996,
72.7111919999611,81.8021189999604,94.3193310000083,89.6286280000163,-417.210553999972,
78.9854699999928,88.5947770000043,87.1714629999778,94.1009190000022,-414.837406000015,
76.130399000021,60.6365189999806,100.025062999994,86.7965429999517,-387.813856000018,
77.2214789999962,81.755345000005,79.6597560000018,110.601521000004,-376.823006999976,
95.0720909999723,89.3054530000418,89.8119350000061,104.714526999996,-375.256765000033,
76.0300909999942,78.8036519999669,95.3376340000268,76.8221160000207,-372.670684000012,
117.259027000039,74.2304540000246,77.9122999999831,88.2912829999759,-377.370157999989,
78.2429269999952,78.2954959999965,81.1967110000114,53.9206289999765,-402.639241000038,
92.1075440000282,78.9453120000549,75.42594900005,117.212566000022,-397.300529000033,
68.891082000016,92.5617029999785,89.0891619999989,72.8612520000497,-383.88970700002,
95.0073400000042,92.3664890000205,93.1772110000434,79.5815519999951,-405.042467999999,
100.621321000002,78.5750860000244,106.982899999995,71.91903000001,-391.248982000038,
102.531170999986,81.9424789999875,95.8391250000404,88.890458999977,-393.029922000012,
84.2854909999915,84.0996709999868,64.2558439999862,84.1835509999846,-404.613932000029,
84.4861629999718,95.9784230000014,77.0270940000014,87.0446999999922,-414.362899000036,
115.022631999977,98.5704700000033,85.3115409999559,79.2393639999855,-390.631155999986,
83.0660120000052,88.5762090000198,93.8763520000243,96.4023340000449,-385.139522999988,
87.4657470000179,89.7282999999989,84.2896160000155,56.3157660000184,-359.440720000006,
77.3476669999836,88.0830140000221,79.6526119999926,66.8015240000141,-356.366816999994,
102.886494999998,76.8585219999754,59.4058640000135,104.953636999994,-340.925904999965,
108.20625500002,78.1453159999833,70.516108999987,94.8053330000002,-431.682719000024,
101.311943000004,89.151638000018,103.378193000002,98.2917659999907,-430.488528999976,
109.613662999981,88.2785090000061,84.1052510000172,98.771147999988,-341.631822000031,
90.8465130000523,99.7197569999785,73.887578000024,94.5413640000402,-431.16411099998,
71.9734510000258,75.2815220000416,79.0882050000109,82.4670590000032,-399.323601999997,
86.9495310000102,85.2898629999995,84.9302759999891,75.2471359999722,-378.314320000024,
91.6023890000083,70.0478649999523,82.5318590000347,64.8108400000424,-407.547819000004,
88.7881230000371,72.5336320000374,100.076399999988,83.9421189999989,-418.884237999991,
90.7574240000208,90.7888270000121,94.1262610000217,123.198545000016,-448.764267000007,
62.9449669999781,66.2797890000197,95.8115420000604,91.906482000009,-425.691801999974,
57.9814879999899,81.9591719999657,78.1786580000139,69.8013180000121,-390.821475000003,
99.7777440000013,89.9629899999818,121.021367999979,74.4081449999753,-437.001716000001,
95.0354389999839,55.0810189999725,114.848606000046,83.4402449999861,-416.978449000005,
63.5797040000161,99.450094999982,67.0412440000136,81.6559140000181,-339.672614000016,
79.6910949999551,88.3305290000017,92.3297199999847,77.5765219999817,-369.951042000014,
91.4244669999698,96.4284199999979,50.8786120000004,71.2548749999733,-351.642224999962,
93.427220000016,61.2442189999897,71.7825620000017,79.3423069999776,-388.497660000012,
90.5418219999833,101.350767999996,106.848219999978,90.6761189999484,-376.071823000032,
103.418064000012,66.3475800000188,88.95092600002,92.9653029999904,-395.048426999979,
104.910120999993,74.9866210000018,90.9575880000025,103.758601000017,-378.542528000012,
83.430229000021,107.122497999988,87.9579259999819,81.8255900000077,-476.368137000008,
96.8720199999743,95.3407449999931,92.4173589999864,85.5911559999768,-460.447932000011,
52.5380180000006,87.3237159999558,75.0311259999776,95.6289519999973,-406.527786999967,
78.2173049999824,85.5639550000096,95.5875079999914,84.2872009999837,-398.773849000025,
72.4349310000043,103.956291000037,76.3226779999986,60.6449079999857,-382.289989000024,
100.567008000022,100.42701,75.4424299999719,101.060280999962,-393.391418999986,
89.2784800000327,88.3021849999827,70.3114610000107,70.3114610000107,-361.946301999997,
85.8372710000185,104.119656999983,68.794093999968,83.8885269999728,-409.44182399996,
105.911374000019,103.193478999985,79.0027110000142,89.9876879999601,-398.285376999963,
84.4368350000359,96.7911099999865,91.0178500000179,102.48471300001,-386.194125000043,
88.9967290000054,99.7054680000188,95.3827039999969,89.5107300000222,-392.654924999999,
88.0842509999707,116.52088900001,84.5121130000048,113.939843999979,-419.449985999963,
82.5356030000326,76.747700999987,95.8849890000224,83.4075159999984,-391.267608000016,
96.4449959999743,68.9411499999987,102.668716000027,89.5909209999968,-386.090577000005,
61.2189470000262,101.686966000006,96.332196000003,88.9385470000057,-341.863837999999,
107.205277000009,102.164016999987,92.3492250000436,93.6906869999902,-423.863476999968,
93.2178779999808,83.1003459999647,77.4454600000149,73.8010140000279,-381.607697999993,
88.9336600000047,81.0538510000424,81.0538510000424,93.2912229999979,-444.50725199999,
66.4650699999656,73.7605329999942,89.7876100000412,69.0479920000103,-365.583332000029,
79.8285210000313,70.5295799999935,75.015933000037,54.6805130000012,-369.367583999954,
113.666399000007,83.6932059999981,119.345343000009,111.08192800003,-389.726544999975,
105.450458000016,90.8954390000031,84.5337439999839,98.4576099999795,-372.109921000017,
109.137223999975,120.481540999971,92.3145030000096,91.4602569999915,-372.510510999988,
66.8104259999636,68.1093890000207,58.3223729999822,68.0876530000014,-338.470071000011,
90.3490370000454,91.8687899999941,103.128013999982,114.51156100002,-429.450523999984,
106.43955400007,98.175297999996,64.7147979999809,74.0365789999878,-396.478595999981,
87.742428999964,81.000606000016,74.5701119999685,75.7195629999787,-336.969646000001,
62.7888679999924,69.8264820000177,101.335844000038,71.1408709999801,-427.147628000018,
89.0144840000003,66.6046149999761,89.4443929999966,60.4765659999834,-349.925051000021,
94.0317819999791,101.997311999995,88.0003879999917,91.166374999983,-430.677307999988,
70.2591480000001,73.4129920000169,94.9015720000202,71.9642379999732,-378.079586999995,
59.8574440000198,106.042866999996,106.042866999996,67.9307509999926,-416.15833700001,
111.103579000021,84.6348109999917,113.897443000004,54.9588230000122,-436.513844999993,
118.069509000024,84.5313150000297,85.3652260000117,73.6550659999907,-390.606686000026,
78.3417069999882,76.4624980000008,61.7712310000024,71.6811760000232,-345.870380999974,
89.6056909999729,80.7993070000161,91.7544530000205,107.251170000041,-380.224198999969,
102.103310000015,72.5546019999701,107.367192999967,81.1161090000101,-415.704218999994,
88.7132670000283,85.6941949999841,58.2575890000094,95.4561830000198,-384.664217999969,
97.9103000000136,90.3146739999929,97.0740460000075,75.1786689999981,-379.73519399999,
83.7405120000603,121.734866,100.62035100001,101.549212999993,-388.865135999983,
98.9948779999959,89.8411450000035,98.283818999992,88.9727629999707,-436.61352099999,
90.7159410000031,91.355106999978,83.4213169999744,77.6171710000358,-359.780587999976,
81.332216000043,66.3210049999748,84.2890759999818,87.2254010000183,-380.212101000029,
72.8362490000309,105.839567999983,98.3651070000064,92.0872509999895,-376.831156999976,
83.0074520000112,82.5477530000226,75.79712899999,91.9537220000016,-357.160712999998,
66.5723379999795,86.341107000002,71.389584999984,83.9434400000455,-369.289306000019,
58.8111640000029,112.846955999989,78.4687530000369,93.2500520000158,-379.781023000004,
90.5885579999785,94.0741560000019,107.117144000024,105.906664000005,-343.33962900002,
79.2391400000356,92.8072840000023,110.409618000013,77.2828780000218,-374.758603999976,
101.25459500003,89.8918350000258,89.3744949999732,122.376409999999,-414.050755000001,
102.91989900003,86.6634089999902,81.4599710000084,86.994288000024,-408.684967000016,
61.9250370000095,96.3239809999905,78.0174809999685,91.0598810000192,-401.065384999996,
84.3094429999987,88.7120930000256,81.9900629999756,78.3452580000126,-370.759691999957,
86.0972120000361,81.7153010000043,111.208409000023,80.3910979999973,-408.403197000023,
72.7519579999876,90.296334000006,89.3829670000055,109.509756000006,-383.477889000029,
78.362551000017,111.44961099999,77.9420679999944,93.1247360000248,-377.074028000027,
98.7292939999897,85.8088660000217,72.6887499999675,72.9706089999968,-355.002375000046,
73.0649179999455,91.5204459999991,94.0058730000078,80.8835060000083,-367.466427000008,
84.9657920000345,72.7378580000141,86.1489130000191,104.822346999987,-378.984762999994,
90.2632410000169,78.3701189999983,77.5554719999664,101.125968000046,-339.232461999995,
101.930207999982,97.9102510000066,97.9102510000066,86.8986700000155,-387.852604000006,
57.3122090000033,84.1671019999517,79.5206649999818,77.4988760000169,-316.444138999992,
65.1065910000166,84.464908000014,57.843949999984,67.7374220000215,-341.004999999981,
62.4271879999792,73.8422220000334,77.0360110000152,83.9695289999913,-375.651905000037,
99.7545459999869,101.393197000026,90.8212030000245,69.8109740000118,-361.575982000009,
89.6481069999968,74.7097030000268,84.1608010000173,88.5173389999918,-406.944530999999,
89.3114290000271,70.5705550000266,103.303515000012,86.9891790000288,-409.888677000015,
93.3638560000154,77.592465000032,82.7373540000294,75.8301070000007,-372.002882999987,
69.6724819999977,66.9164720000267,66.5393639999697,60.1525429999956,-416.43948700003,
90.2625949999783,98.5074209999889,73.2658380000075,103.481131999965,-441.808534999956,
92.8628399999852,96.2639029999877,83.9859390000206,97.3284519999906,-352.302250999985,
65.0403810000157,74.2705500000184,61.5372280000133,78.3276759999721,-389.699854000009,
77.1657700000137,69.5611109999877,57.4744650000057,87.8832090000142,-370.743048999951,
79.7370609999984,76.8159330000153,91.131744000038,94.2448289999911,-384.733387999986,
64.397309000005,86.101085999996,89.8453380000014,70.7639489999933,-368.145891999975,
81.0314910000056,109.714969000011,69.783529000018,110.937145000025,-341.986132000021,
83.5927390000029,107.414749000016,112.831272000019,90.2119010000079,-383.61464400001,
71.3283450000199,108.947269999982,79.5591819999677,100.558889999996,-398.350886000015,
83.9706480000041,68.2963230000337,102.331790999974,114.744698999996,-380.270362999993,
78.1706639999948,81.4160770000194,101.296888000043,116.456649000016,-448.904979000009,
102.350946000016,99.5973159999826,81.1464380000107,60.7522419999937,-415.166398000022,
83.7415570000035,102.486562999984,88.2852609999904,79.9324370000318,-369.751324999976,
74.9255719999978,88.1139089999692,76.3963169999975,83.2479000000349,-394.860562000013,
93.9079779999997,83.7768560000095,90.686803999999,59.9651289999924,-374.865844000021,
55.2101349999853,90.3081159999765,66.0811560000184,69.1782549999921,-356.078819000034,
62.9564289999807,68.4991440000076,76.8142049999828,72.4254070000175,-342.328778000009,
85.480946000007,90.9997029999781,99.3655290000406,101.42058999999,-384.184811000034,
82.9108949999872,88.4508280000141,95.7222000000274,87.4985400000087,-415.352220999986,
86.105347999995,114.322267000029,115.031965000033,64.7474659999575,-405.759032000013,
90.6945860000351,108.554641999957,68.5291070000067,75.9983229999725,-391.717343000011,
96.2391990000415,88.1472830000157,93.5255790000215,90.6483859999953,-388.966543000051,
100.582867000004,79.4473239999816,94.3983470000107,87.8097579999999,-475.743952999999,
69.8056590000151,72.6334780000134,103.59129899999,59.6019870000332,-416.223865999984,
85.1467860000216,61.9449809999965,86.8697920000454,85.362134999993,-341.911591999988,
76.2071350000115,115.204860999997,90.7576140000006,104.523153999993,-445.875952000014,
65.7696030000202,118.147915999979,81.3776809999877,95.4855939999784,-368.959392000003,
75.9870040000487,92.517807999981,108.613722999997,80.6029660000322,-381.138071000014,
84.4979019999914,89.6021800000208,80.7222599999868,66.9931720000282,-364.624263000006,
125.624865000007,95.6302379999988,116.361077000032,90.7822209999822,-389.929749999969,
99.2975070000075,103.821408999954,120.162042999995,106.39811399999,-448.371615000015,
119.560275000015,108.095012999988,67.9125260000028,116.221978999992,-431.375070000026,
75.6443269999986,63.6876050000155,90.4448959999936,91.5388709999938,-308.75486000003,
104.730006000003,110.475047000025,98.3642309999855,100.273937000001,-372.246280000009,
100.007321000003,91.5517310000491,88.2994279999975,69.894810999986,-381.408019000031,
80.555798000039,82.986233000021,89.4010779999981,72.3669469999454,-399.322410999975,
92.2280960000062,81.5660259999654,98.5709379999876,82.6196959999561,-342.632917000014,
86.81344699996,58.8247739999929,101.686613999993,114.231728999995,-394.978088999995,
68.5423319999863,87.1837689999988,77.4344639999731,77.3655069999913,-410.554970000025,
87.8610939999762,113.26916499997,117.416280999991,110.467461000009,-372.009524999986,
108.065258000007,68.5281599999757,93.0371929999792,84.0569140000089,-422.606354000002,
80.6018470000013,93.5749800000185,75.898840000033,66.5451469999857,-414.733360999981,
109.586657999994,115.63215,87.0696959999818,92.2219250000071,-424.469299000005,
81.0851169999905,67.314334999995,104.528285000011,90.8826429999722,-422.362958000014,
89.9259770000267,77.2814200000162,91.6750189999998,78.2610789999658,-350.59008899999,
95.8327089999984,52.5176080000233,65.1496350000052,63.7303759999941,-395.711127999999,
87.5988039999575,78.1449640000124,112.518509999985,93.4964140000038,-381.406097000018,
86.4069339999833,68.4892380000078,68.4892380000078,76.5073089999978,-440.341859999983,
121.303414999998,94.9828340000286,93.7769170000333,107.008108999979,-338.821987999999,
72.6723219999849,67.186795999979,75.9903439999571,89.7291020000325,-395.402402999994,
90.1104259999979,91.0131080000056,80.1618959999842,87.6752970000352,-437.541014999994,
103.602925000023,75.4135069999738,103.602925000023,70.9592820000116,-373.386661000022,
82.4696159999639,100.114332999995,115.443141999973,109.537928000029,-410.194542999973,
90.9065340000247,113.610230000033,99.846289999974,65.2111559999753,-404.85184499997,
102.799344999983,77.8477419999972,125.68837000001,115.547421000012,-406.175791000026,
86.8883909999918,101.210156999985,94.1022790000088,76.4118869999829,-372.643377999982,
65.4420800000275,80.1303899999566,68.7935400000092,85.4335400000155,-383.178821999999,
109.406033999986,77.0815190000067,75.0415650000218,72.3208660000068,-408.699024999964,
61.8316590000004,87.6284420000056,94.1864790000068,96.0878409999896,-399.260712000016,
82.1741749999705,66.7519579999712,79.4699100000289,77.7608670000131,-358.273140999971,
100.878822999995,73.0361070000254,73.0361070000254,79.8206450000057,-418.280584999992,
97.0517400000144,92.5238490000138,86.1538100000048,99.6589059999869,-384.31212000002,
84.4930220000124,82.3038079999956,73.6098309999898,85.7899380000249,-345.95695199999,
87.123246000006,72.6872100000091,96.5447990000248,98.3210399999834,-399.574302000067,
78.6887530000217,103.088886000013,75.7055079999609,82.0708930000187,-383.722300000003,
73.7966770000025,63.0340200000201,70.7772139999547,77.3348150000224,-465.729066000004,
101.357319999986,70.7989049999783,93.099050999982,106.228493999995,-382.65871899997,
76.0274639999975,82.1206949999901,84.2005150000286,70.5932910000047,-390.343824999989,
92.595649000009,99.4029849999888,78.0366430000245,99.019828000005,-420.065056999981,
71.2513240000112,86.9405269999811,74.0723969999899,76.5647929999554,-370.756162999993,
72.5969010000181,88.0742500000079,107.657868000001,122.040053999999,-363.621446999975,
71.2270290000047,73.863008999976,86.7681909999724,83.2830650000351,-404.712061999997,
94.7343820000242,85.8361209999994,80.7481470000184,64.1295139999993,-410.384586000019,
109.254753000037,134.068348999965,79.020692000061,92.6149020000125,-467.824538999976,
76.4782219999875,92.4304700000025,83.3697830000197,93.0227540000087,-414.581226999991,
68.7718159999863,73.3994439999969,83.2128340000008,73.4134800000393,-357.679491000031,
81.9563570000014,87.3105189999742,84.4277039999943,76.5178510000233,-392.012318999979,
105.856986999995,82.735431000026,89.7521909999937,83.4504919999977,-371.303313999994,
84.9994630000165,89.88764700001,115.615688999992,84.8421560000052,-416.447805000013,
76.6145389999788,71.6784210000123,109.453702999999,87.3778460000367,-366.065033000018,
96.5899270000255,81.6256359999975,77.9275250000182,61.8504350000439,-377.119679999981,
75.8361479999489,80.072533,80.6779360000478,94.8016129999855,-350.502718999979,
72.0217589999866,94.9670150000138,68.5134789999797,106.619149999967,-355.032650999987,
90.6785460000547,88.0208939999961,73.4784620000014,87.3723110000046,-414.254932000014,
86.3056720000027,91.4049500000219,78.2769519999929,85.8258220000121,-451.549733999989,
