0.0840920689999916,0.0910526470000386,0.072835298999988,0.0782304429999863,-0.372168571999999,
0.0913691569999978,0.102105398999984,0.0626189060000143,0.0893617760000216,-0.409491122999993,
0.0736655199999759,0.072077780000006,0.105617988999967,0.0832975830000214,-0.405032169999974,
0.0878983499999822,0.0896851269999711,0.0767810580000078,0.0831430719999921,-0.423143695000012,
0.0927531480000071,0.0976913619999655,0.0898838919999989,0.0895845309999904,-0.406860319000017,
0.0605359879999878,0.0742926879999777,0.0815168400000148,0.106757078999994,-0.40235158799998,
0.0771227319999816,0.079788133000015,0.0726294649999963,0.0990886049999749,-0.390969667999985,
0.0933459560000156,0.0863992909999847,0.0985334010000297,0.084790012999943,-0.438789808,
0.0729477080000142,0.0790667500000309,0.0751454639999679,0.0693013130000054,-0.415271838999978,
0.0964407939999692,0.0800089679999924,0.0817707019999798,0.0677791010000233,-0.428456967,
0.085555388000013,0.0857912000000074,0.102528305999975,0.0895606969999776,-0.43543227899999,
0.0772658529999972,0.0792484990000289,0.0755125640000292,0.0953448499999904,-0.349663951999992,
0.0768616839999504,0.109520547999998,0.106384844000031,0.0709954500000258,-0.44212417299996,
0.0929821240000101,0.104385603999959,0.0912101720000114,0.0848760999999818,-0.359771322999972,
0.0621181330000131,0.0882642429999705,0.0888388860000309,0.0931462319999719,-0.36917309500003,
0.0950896340000422,0.108715644999993,0.116837483999982,0.119044568000005,-0.401387000000002,
0.0862332150000252,0.065233375000003,0.0780269229999922,0.0964972149999762,-0.421428743999993,
0.101813311000023,0.0701328859999844,0.0896937559999637,0.101593600000015,-0.409854242000016,
0.0764129189999735,0.0767411579999953,0.08520879900001,0.0954906540000047,-0.427107337999974,
0.110205182999979,0.103543053999972,0.0901790910000041,0.0958882809999977,-0.392830734999972,
0.0908630609999982,0.0928257030000304,0.0689191239999973,0.0842623399999834,-0.381187329999985,
0.0713362750000142,0.0853681149999889,0.0722520830000067,0.092552347999992,-0.35451060099999,
0.0999233820000159,0.0710002850000001,0.0499709770000131,0.075265811999956,-0.392519933999995,
0.0735923120000316,0.0857444289999999,0.0690459499999988,0.0849325570000074,-0.409393450999956,
0.0761841859999981,0.0647406680000186,0.0832023690000137,0.0835510890000223,-0.374290265000027,
0.0811838310000257,0.0886961530000203,0.0912684129999634,0.0970753179999961,-0.410457538000021,
0.103573428999995,0.0964645389999814,0.0690318730000231,0.0696966199999988,-0.413189349999971,
0.0978981980000049,0.0884074429999505,0.0805008719999937,0.0949717999999798,-0.350725523999973,
0.0782767270000281,0.0910595579999958,0.100124472000005,0.0829095780000043,-0.352455371999985,
0.0906726110000159,0.0987810819999891,0.102046743000018,0.0906726110000159,-0.394826847999984,
0.0985443590000477,0.0628102519999761,0.0695456670000394,0.0987134059999839,-0.358790762000023,
0.0742270880000219,0.0875139550000226,0.115805865999936,0.104577689999996,-0.379390207000032,
0.0725056089999839,0.0876177710000152,0.0845250620000184,0.0725056089999839,-0.389459641000006,
0.0832533290000333,0.0778081290000091,0.10761173499996,0.0955050569999721,-0.417340761000016,
0.0751369089999753,0.0712491230000005,0.118540553000026,0.0660184540000246,-0.425817553000009,
0.0849001229999894,0.0845390120000038,0.0918616300000404,0.0786924139999887,-0.359822320000005,
0.0674240729999929,0.0910216129999958,0.0855414970000015,0.0986858679999878,-0.414381449000014,
0.08975728200001,0.070207781000041,0.100806148000029,0.067636021000003,-0.402739505,
0.0869216450000058,0.0867142349999822,0.0627095879999752,0.105420863999992,-0.404925782000018,
0.0935563959999768,0.0983550840000171,0.105497919999968,0.0888168830000091,-0.413009186000003,
0.0782901919999654,0.062260205999969,0.0610365010000237,0.0871351709999708,-0.370643008999989,
0.0643583229999976,0.0941268230000332,0.0880683140000033,0.098971661000011,-0.357201913999988,
0.0890777390000217,0.101614236000042,0.0825633910000324,0.0696157789999806,-0.359652816000005,
0.0597512480000132,0.0993772869999725,0.109544170999992,0.0974805790000255,-0.449751587000002,
0.0904354710000089,0.0822075159999699,0.0988802759999667,0.0970921529999973,-0.375091954999973,
0.124135626999977,0.0744778059999685,0.100222194999986,0.0979606870000512,-0.386951453999986,
0.111453942,0.0998119770000012,0.0894254370000026,0.0810942599999889,-0.390322478999991,
0.081274041000011,0.0665709059999726,0.0767841320000034,0.0925774589999892,-0.397766160000001,
0.0590817260000413,0.0682634419999922,0.0682634419999922,0.0597980850000072,-0.362930020999997,
0.0918138049999448,0.0805144539999897,0.102295401999997,0.114364403999985,-0.41164341600001,
0.0807888070000013,0.0906882400000172,0.0936306710000022,0.0968260410000221,-0.449542304000001,
0.0948294059999848,0.0909326700000015,0.0953387030000249,0.105426095999975,-0.392641242000017,
0.101851835999994,0.0736607839999997,0.0872271390000306,0.0969570519999906,-0.370041932999974,
0.0971639119999904,0.08222396200001,0.107150410000025,0.092275839000044,-0.394496821999981,
0.0939630909999769,0.0907837599999939,0.0992508969999717,0.0591387590000018,-0.416811566000054,
0.0947545979999945,0.0857956299999851,0.0650706380000343,0.0952058360000192,-0.423748215000002,
0.0921863400000034,0.0937785820000272,0.0670232599999808,0.0873701669999732,-0.368545588999998,
0.0753411899999574,0.079652333000005,0.0753018969999653,0.0872812000000054,-0.379186860000013,
0.0707192540000069,0.0920950039999716,0.0758359480000449,0.0874013029999846,-0.379929732999994,
0.0882153709999684,0.0849537410000053,0.0813327799999956,0.0914842260000073,-0.34317584100003,
0.102508477000034,0.0846365350000469,0.109731287000002,0.0750875710000159,-0.376413787999996,
0.0627296219999776,0.0907916210000008,0.0785258149999945,0.0819163430000121,-0.366003988000001,
0.0853674549999978,0.0683291240000185,0.0806136450000017,0.0736830779999873,-0.359158762999988,
0.079758261000004,0.0900379569999896,0.0767388369999794,0.0767388369999794,-0.380842257000004,
0.0928366629999509,0.111178277999963,0.0795049939999899,0.102120656000006,-0.414631086999982,
0.078034065999992,0.100735219999994,0.0951904799999697,0.105562535999994,-0.373336931000023,
0.089288336000016,0.0738010380000046,0.0731777819999788,0.0882666809999896,-0.400193717000018,
0.0845547799999936,0.112829563000014,0.10099206300001,0.0698598969999607,-0.420395060999987,
0.070696072999996,0.100566375999985,0.0930902809999579,0.0851533479999703,-0.367242383999954,
0.0792757519999795,0.0885311960000067,0.0907596419999877,0.0921702650000025,-0.381207838999988,
0.0796591529999782,0.0914587179999803,0.106621887000003,0.0786502200000132,-0.383509894999984,
0.0979401050000247,0.0998522499999899,0.0646361660000502,0.092204082999961,-0.402512232999991,
0.0981373030000186,0.0943045039999606,0.0851103920000201,0.0871689339999953,-0.39381888099995,
0.0708319249999927,0.0873578409999986,0.0867304759999806,0.0915541010000061,-0.357374093999996,
0.0820478919999773,0.0896077330000076,0.0856626040000278,0.0959787269999742,-0.381655568000002,
0.0659937460000369,0.0681600479999538,0.06869014899998,0.12003303200002,-0.403109621999972,
0.0681276999999973,0.103557908000005,0.11246147499997,0.0684439850000126,-0.432117742999996,
0.0791729729999743,0.0743774130000161,0.115248540000029,0.0833098329999725,-0.428086157000014,
0.0779538989999837,0.0846793620000085,0.0813226659999927,0.0855555400000203,-0.435159556999993,
0.0981827820000071,0.0902862420000024,0.0749537980000064,0.110937351999944,-0.398030647000001,
0.0949310690000152,0.106231130999973,0.109143226000004,0.0764770479999984,-0.380356005999995,
0.0840582149999618,0.0625053509999671,0.0751541409999772,0.0793536269999972,-0.34223020299996,
0.0743211120000001,0.106843832999994,0.0899623439999814,0.0987542210000079,-0.433959639999995,
0.0873408819999836,0.0966827249999938,0.107465631000005,0.0921526130000116,-0.390665548000006,
0.0970209600000571,0.0981621490000125,0.116419135000015,0.0981621490000125,-0.365680336000027,
0.0833006770000143,0.0990232349999937,0.0817682849999906,0.0825433180000105,-0.391921201999982,
0.0957020189999785,0.0899868499999961,0.0925986289999919,0.0968676739999614,-0.411840371000018,
0.051704932999995,0.105653720999976,0.0855335459999865,0.0750097509999837,-0.390885715000012,
0.0991982009999997,0.103508985999991,0.124863366000017,0.0999967720000359,-0.415097597000008,
0.0599008310000031,0.068594447000045,0.0988874510000169,0.0853832509999875,-0.419391289999995,
0.0582672089999992,0.0880189979999832,0.0698796259999967,0.082976022000013,-0.365735169,
0.0697783040000081,0.099534755000001,0.0870289949999756,0.0726323310000212,-0.376794829999987,
0.0768307340000033,0.091350284000011,0.0819177170000098,0.0875445180000329,-0.337207620000011,
0.0967059110000109,0.0814762350000105,0.0727097740000268,0.0812023699999859,-0.445077669000008,
0.0777128050000074,0.0760035119999916,0.0820232909999695,0.0862766859999942,-0.426810705000009,
0.0933683039999946,0.0931318740000297,0.102230418999968,0.0874589079999864,-0.374538598000036,
0.0664722170000082,0.0891146749999866,0.0913839380000018,0.0847893619999877,-0.354067761999976,
0.0693692209999867,0.115151104999959,0.097966211999963,0.0675827950000194,-0.383815867000008,
0.0706541120000084,0.0962093269999982,0.109187689999946,0.0784412030000103,-0.375183903000006,
0.0841575160000116,0.0792513990000029,0.108989871000001,0.0977333719999874,-0.426305531000012,
0.0860162300000293,0.0917493419999832,0.0936012060000303,0.087096024000014,-0.311523915999992,
0.0905752939999952,0.0999575029999955,0.104125622000002,0.0850944100000234,-0.364712805,
0.0555486430000233,0.0649666680000178,0.105764551999977,0.0733611669999723,-0.395775899000022,
0.108923604000025,0.0905738860000001,0.0836909659999815,0.0738245159999651,-0.400867367000036,
0.063091947999977,0.0890614689999825,0.0970148839999847,0.100083714999985,-0.355457088000028,
0.0537343330000035,0.0846127249999927,0.0614920649999772,0.0779021939999952,-0.391353057000039,
0.0824512499999887,0.103317859000052,0.0810399580000162,0.0779484240000211,-0.409792690000021,
0.0639580860000324,0.0666750499999512,0.0819532209999929,0.0729292100000052,-0.369798689999979,
0.0727566090000037,0.0811796120000145,0.087788305999999,0.11413623,-0.40082949099997,
0.0885738829999964,0.106327945999998,0.061747208000003,0.0751547870000172,-0.377780255,
0.0723415309999873,0.0905157959999819,0.0541465010000065,0.0798536700000013,-0.397020825000022,
0.0828998290000286,0.0858867030000074,0.0851394810000611,0.0725283060000265,-0.378514377999987,
0.0804165399999674,0.0971759829999928,0.0672973489999863,0.113323850000012,-0.396389698000013,
0.0835343849999822,0.0905922350000037,0.0867664609999952,0.099587602000001,-0.407871844000012,
0.0589305779999836,0.0997887670000123,0.0652538870000212,0.0770919319999662,-0.377726793999995,
0.0815176129999863,0.0742346210000501,0.0813462969999869,0.0839834839999699,-0.383995716000002,
0.0848998719999972,0.119612899999961,0.104359094999973,0.0663122739999985,-0.35589058999999,
0.0798829179999907,0.0720217189999726,0.0780608679999918,0.0849346539999851,-0.392279456000005,
0.0842569629999607,0.0894909770000327,0.082744996000014,0.110511904000011,-0.34600421599999,
0.0966840920000004,0.106223632999989,0.0933641799999878,0.103643445999965,-0.416528419000005,
0.0720312690000146,0.0952541160000219,0.0459522650000204,0.062107142999997,-0.370895213000023,
0.0998064659999882,0.0792458779999961,0.083747869999981,0.0807589870000043,-0.386615345000014,
0.121749638999993,0.086849278000037,0.0936356069999833,0.116479728999961,-0.416626967999989,
0.0878344379999967,0.087886746000052,0.0773725910000026,0.0699121910000331,-0.367241096999953,
0.0754437279999893,0.0956115269999982,0.0849516479999734,0.0806345800000349,-0.41701284899999,
0.0888107599999944,0.0911608680000263,0.106503434000024,0.109306514999979,-0.392033819000038,
0.0618447509999723,0.085490182999989,0.0754305080000454,0.0609457809999549,-0.366391422000012,
0.0782077070000078,0.091194073999965,0.0963056259999999,0.110569922000029,-0.365740299999972,
0.0875374229999939,0.0881156010000204,0.0616114450000346,0.0917554439999881,-0.378639140999998,
0.0958635129999934,0.114688177999964,0.0849382019999894,0.097540562000022,-0.427064073999994,
0.0894321950000026,0.0861708820000335,0.0846745570000053,0.0886958040000313,-0.389383162000045,
0.0683326919999504,0.0906906720000165,0.0989019849999963,0.0795732499999663,-0.385063477000019,
0.0987671420000265,0.0802147430000055,0.0838289259999856,0.0867605729999873,-0.346352853000009,
0.0838274620000247,0.0801587919999984,0.0571128140000119,0.0950468710000437,-0.421658210999998,
0.0916033789999892,0.0957680769999793,0.0895704869999963,0.102939272000011,-0.356668596000016,
0.0782777459999779,0.0899186540000164,0.0849266620000158,0.080247523999989,-0.406426940999994,
0.0782212389999982,0.103804224000006,0.0601561620000034,0.0786272030000237,-0.338393823999991,
0.0625924760000071,0.0756660979999792,0.0739954000000271,0.0686484599999894,-0.395589739999985,
0.0676144020000106,0.0874161840000397,0.103547470999963,0.117539662000002,-0.394629889999972,
0.0775734270000085,0.10691626299998,0.0938475450000019,0.0631302730000084,-0.370899084999991,
0.103981639999974,0.0808281369999613,0.084308896,0.0870369030000197,-0.41792942299998,
0.0908195809999779,0.102479764999949,0.090862112999997,0.10104578799999,-0.407096274000002,
0.100815175000011,0.0875518520000223,0.0872433939999746,0.0730152950000484,-0.348033434000003,
0.077357977999985,0.0865344780000119,0.0625600899999572,0.0813521579999961,-0.399579378999997,
0.0667747170000002,0.0942890549999925,0.0758180829999942,0.087505246000002,-0.379340642999995,
0.0864036519999618,0.0955735060000015,0.0976355580000368,0.0981211909999538,-0.353080227999993,
0.0763182550000124,0.0925371659999696,0.0895738660000293,0.0692823120000194,-0.365107647000047,
0.0795577320000216,0.108119762000028,0.0836727819999801,0.0713033729999934,-0.402849595999989,
0.114790136000013,0.0946774289999889,0.0773684369999842,0.0992683860000097,-0.416073348999992,
0.0943851009999748,0.0783419850000223,0.09712734000003,0.0868063700000048,-0.351609146999986,
0.0706138309999628,0.101525640999985,0.103906790999969,0.0833282239999739,-0.46527081199999,
0.0826374649999975,0.0964785559999978,0.08503324200005,0.0850347149999893,-0.449634374000029,
0.129473703000033,0.0878174420000032,0.0832317819999721,0.0957067999999813,-0.350795366999994,
0.0721572449999958,0.0820527830000137,0.0864322780000298,0.078720651999985,-0.449898391999976,
0.0972529659999991,0.0737706299999918,0.0907426090000413,0.0769515180000199,-0.391873974999997,
0.0880185759999954,0.0741757690000113,0.0981420779999808,0.0849903069999973,-0.373712105000035,
0.0588731709999956,0.0810781519999709,0.0838741110000078,0.0895635220000186,-0.386904128999997,
0.0894085409999666,0.0731965509999745,0.0699842240000044,0.0832462039999823,-0.375669755000005,
0.0727754899999914,0.0727754899999914,0.0934549819999834,0.0791999960000317,-0.415385803999999,
0.0981982699999767,0.108072610999997,0.0951201839999803,0.0950430370000013,-0.468457088999999,
0.0673132129999976,0.0723994930000285,0.0714777890000018,0.0842998029999958,-0.399307843000056,
0.0696246779999342,0.0760758429999778,0.0897622170000172,0.0681489309999765,-0.426390922999999,
0.118218679000005,0.110717690999983,0.108044486000008,0.105113695999998,-0.445736691000048,
0.103719869000019,0.0935552629999884,0.0717650739999881,0.0996723659999716,-0.373326338000023,
0.103901233999964,0.0920850289999698,0.0934400320000173,0.107660275999994,-0.393392515999963,
0.0908253399999758,0.0850466840000099,0.0899628509999893,0.0589480010000025,-0.396868616999991,
0.0856349280000077,0.106819825999991,0.0988706460000048,0.0901649049999951,-0.44132499400001,
0.0844080370000165,0.105962451000018,0.0657020299999995,0.0941558489999711,-0.364697119000028,
0.103061084999973,0.0726225219999965,0.116263044000031,0.090696965000031,-0.399444397999963,
0.0968477099999718,0.117716972000006,0.0916219160000537,0.0676421939999859,-0.396270453999991,
0.0919578389999656,0.0894882469999761,0.103040052000004,0.122330771999985,-0.39821858699998,
0.0918119819999761,0.0795048460000039,0.0851975279999947,0.0951498449999708,-0.348424809000026,
0.0757105660000234,0.0880287629999916,0.0839664719999914,0.0819090839999685,-0.432560348000017,
0.0755081689999515,0.0677868199999784,0.0633726269999847,0.0830967450000103,-0.431581198000012,
0.0995621710000423,0.101982019000017,0.0960778840000098,0.0832272130000433,-0.376146719999996,
0.0752135380000227,0.0866215239999851,0.0968503630000096,0.0742550020000103,-0.413670221999974,
0.0946868700000059,0.0640307499999712,0.0646374529999516,0.0630456989999766,-0.400023525000011,
0.0858849259999652,0.112836535000021,0.0917908079999606,0.0960983090000095,-0.430960888000008,
0.0913924100000163,0.0843509279999857,0.0645978799999871,0.0724178130000187,-0.388530388999994,
0.0959753229999724,0.0915841450000148,0.101237522999993,0.096962851000008,-0.377069138000035,
0.0868080580000019,0.104006244000023,0.0883241830000097,0.0570564319999889,-0.351543159999984,
0.106150440999982,0.0916102700000279,0.0694448210000164,0.0661073770000362,-0.343280248999991,
0.0916675719999876,0.107675993000033,0.0914179690000269,0.0670848350000415,-0.406863846999983,
0.101932179999968,0.0969645230000078,0.0923897859999806,0.0838531949999979,-0.385321151000004,
0.0934917769999993,0.100224668999965,0.0994016389999874,0.0842529550000072,-0.401481570999987,
0.0857619860000445,0.111425911999991,0.100110168999973,0.0850439320000105,-0.459983423999998,
0.0792122970000141,0.0805212820000579,0.068253724000002,0.0868433199999695,-0.429284481000037,
0.0800668149999729,0.0882801409999984,0.0864959489999596,0.0790259409999753,-0.385432265999993,
0.0912065699999921,0.0763819410000165,0.0788833020000079,0.0819997259999914,-0.407651736999977,
0.122294807999991,0.125561322999977,0.10241614300001,0.0913591780000233,-0.401730380000035,
0.0969305239999849,0.0785666239999869,0.0815689360000133,0.0745856580000054,-0.428804487000009,
0.0784134800000193,0.0919999499999744,0.0895747650000089,0.0765045019999916,-0.345090568999978,
0.0889315209999963,0.0982561780000456,0.0747308530000191,0.102609883000028,-0.391038490999978,
0.081747648,0.107555592999998,0.0908768410000102,0.0751551100000006,-0.414813929000004,
0.0797762080000025,0.0925992129999841,0.0779407470000301,0.074994816999982,-0.41775140999998,
0.0979116229999991,0.107000081999981,0.0918062140000129,0.0834157209999762,-0.380778564000008,
0.0921544720000029,0.103648910000012,0.0915880850000003,0.0995864750000128,-0.405171533999971,
0.108723585999952,0.0823802719999962,0.103952419000023,0.111800913999976,-0.470742933000019,
0.086574545999968,0.0696148449999928,0.100192043999985,0.0756163160000119,-0.397258323000003,
0.0679359960000143,0.090603648999961,0.0796775169999732,0.09341629100002,-0.388815504000021,
0.0709787059999944,0.0730261000000182,0.0653840230000151,0.0798460950000135,-0.390334935000001,
0.0553272900000275,0.0761015089999537,0.0985022710000008,0.103646492000024,-0.402280098999981,
0.0892971679999987,0.0996227120000171,0.112126186999976,0.0728254139999654,-0.406785964000028,
0.0965670790000095,0.102920678000003,0.0916012549999673,0.0671972789999745,-0.361571955000012,
0.094106079000006,0.0997584389999984,0.074725883999984,0.065266561999988,-0.408934217999968,
0.0767835399999967,0.0904502189999926,0.0944563710000189,0.04897040500001,-0.398381665999983,
0.113701186999994,0.109735602999996,0.092987254999985,0.0738996020000036,-0.421505768000006,
0.0745047339999523,0.0875426510000166,0.0683169750000247,0.0719127329999669,-0.456711091999993,
0.0985768540000204,0.0838867980000364,0.0695693099999903,0.0930365840000095,-0.348885406999974,
0.0827268800000038,0.0635716690000172,0.0508943930000128,0.0669207370000399,-0.37881995799996,
0.0754151510000056,0.0961706630000149,0.0630295160000164,0.0814898459999918,-0.362322281000023,
0.0896256829999907,0.0732166750000097,0.089070759000002,0.110393587999975,-0.473321408999985,
0.099308854999957,0.0850585550000228,0.0747336280000127,0.100947471000007,-0.367941000000004,
0.0804163889999581,0.0803253470000236,0.0959584189999991,0.0674720039999984,-0.392927330999993,
0.0824223000000056,0.0998602010000095,0.0821714789999933,0.0741889990000309,-0.367214901000007,
0.0808116559999862,0.0940366880000106,0.112289675999991,0.100561205999988,-0.385890687000021,
0.0916989290000138,0.0648554060000283,0.0698762650000003,0.0818858809999911,-0.334073854999969,
0.0798448510000057,0.113689152999994,0.0838991499999956,0.0796060960000195,-0.414474207000003,
0.0828916309999586,0.111915746999991,0.0907854989999701,0.0770930479999761,-0.387259452999967,
0.0745331290000167,0.0785004600000207,0.0939020550000027,0.108085226000002,-0.42132439800001,
0.0597424669999909,0.0747303509999692,0.0747336720000235,0.0975936670000228,-0.400668028999973,
0.0962559700000174,0.111379537000002,0.0808812490000028,0.0887156660000064,-0.391456018000006,
0.089133992,0.106403960999988,0.119393753999991,0.0740218850000051,-0.351829704000016,
0.076973776000013,0.0839111679999896,0.0957864569999865,0.0855173619999987,-0.417723256000001,
0.101311346999991,0.109514262000017,0.0846822349999593,0.0826676829999906,-0.378785864999997,
0.0495702710000073,0.0872233220000144,0.0852060369999726,0.0817007069999895,-0.411360443999973,
0.0692543469999978,0.0815617649999863,0.0789640530000356,0.0874679130000454,-0.353093166999967,
0.0731495059999816,0.0747406209999958,0.0753948269999978,0.0950859139999952,-0.380725570000033,
0.0863200909999923,0.103246290999999,0.0748959350000077,0.0909952849999963,-0.345589744999999,
0.0839799340000036,0.0934795339999819,0.0849411129999821,0.0814760759999835,-0.476364114999976,
0.0723939999999766,0.0990183870000023,0.0974948519999725,0.0774937529999734,-0.357481738999989,
0.101959557999998,0.11079455700001,0.107719603000043,0.0876215790000533,-0.426410707000009,
0.0790027599999994,0.0999917890000152,0.0993375410000126,0.0877490760000228,-0.377221184999985,
0.0733042160000364,0.0766372860000047,0.0996308829999839,0.118692152,-0.393165887999977,
0.111504243999947,0.0867081910000261,0.107828795999976,0.10277050899999,-0.436490987999994,
0.0900257779999852,0.114032763000049,0.122182079999978,0.0891162620000118,-0.433110889999979,
0.0803739019999857,0.0924447830000363,0.0762261199999866,0.0793592299999914,-0.413065784999983,
0.0872900280000053,0.0964881820000114,0.081841000999967,0.0873989769999857,-0.341213837999963,
0.0859199289999806,0.104335659999999,0.115961038999993,0.0807986109999838,-0.415398168000008,
0.0971969130000107,0.0829200330000058,0.0934699520000127,0.0988911000000285,-0.404051406000023,
0.0878606280000158,0.0928189319999569,0.095553734999984,0.0967009769999781,-0.427185957999985,
0.108987716000019,0.0818670390000084,0.0859068739999921,0.0790858920000055,-0.409393797,
0.0814034730000017,0.0954963729999527,0.0793693720000047,0.0968304449999559,-0.376533868000013,
0.0772941329999981,0.0844545050000042,0.083421167999988,0.106172561000028,-0.392336738999962,
0.107332342999968,0.0850906540000315,0.0841503330000073,0.08028328099999,-0.375460923999999,
0.0897931629999634,0.0880151800000272,0.12138053100003,0.0984270190000152,-0.346535760999978,
0.0713174300000169,0.0698929360000038,0.0797507679999894,0.0838958609999954,-0.380970102000018,
0.0666767689999615,0.102552066999971,0.10858898400001,0.0782515469999744,-0.372756463000012,
0.0786783600000049,0.0820854849999914,0.0774433140000115,0.106685237000007,-0.381778252000013,
0.0869524579999616,0.0723688019999813,0.0824298920000042,0.0658471299999737,-0.382387026999983,
0.0881138970000279,0.0986203559999826,0.0862060940000074,0.079465011000028,-0.36011537000001,
0.0717108649999946,0.0934948369999724,0.0951534890000103,0.0611108530000056,-0.377704904999998,
0.0655873509999501,0.098447733000005,0.080938594999961,0.079941012999996,-0.32588229100002,
0.0862165749999972,0.103603755999991,0.11620012499997,0.0869911640000037,-0.400841119999978,
0.0702517840000337,0.0721097510000141,0.0663085009999873,0.0870232129999627,-0.329196474000016,
0.0995391739999955,0.105367778000009,0.0939086710000097,0.0899190879999624,-0.378962659000003,
0.0670143159999702,0.0828878659999687,0.0855169280000014,0.0652024709999764,-0.424736026999974,
0.0579404570000174,0.0827854470000102,0.0822607169999815,0.0940473730000044,-0.367857558000026,
0.0928134870000194,0.0688076140000057,0.102158389999961,0.0856305879999723,-0.400472235000002,
0.102904927000018,0.110351435000007,0.0867113770000101,0.058758380000033,-0.405816724000008,
0.0877323309999933,0.0700018880000275,0.0849802420000065,0.0560956250000345,-0.375256674000009,
0.0835374800000181,0.0618321040000073,0.0846695119999663,0.0759593779999991,-0.400428595999999,
0.0799178870000251,0.0782658990000236,0.0762280680000063,0.0959367699999948,-0.383235866000015,
0.0670552139999827,0.0919620039999804,0.0703129710000153,0.0878820479999968,-0.358089883000031,
0.0748507480000026,0.0976384239999902,0.0772501100000109,0.0937312350000006,-0.441996354000005,
0.0849728549999941,0.0739932279999703,0.0792652469999857,0.0708264060000242,-0.443924102000008,
0.0967789870000438,0.0988868259999999,0.0913057080000567,0.0931863580000158,-0.382841296000014,
0.0990994839999953,0.0797930870000214,0.0781275079999827,0.0694740159999683,-0.400505949999989,
0.087831974999975,0.107627722999996,0.104306692000014,0.0949945739999862,-0.393157759000012,
0.116798078000015,0.0779132720000025,0.100265869000001,0.11314877799998,-0.396221890000018,
0.0816784990000128,0.0811854409999983,0.078615524999987,0.0798714639999994,-0.384361213999978,
0.0892270349999999,0.084265556999987,0.0898909929999913,0.0947934980000205,-0.360100204999969,
0.106631951999982,0.0896769720000211,0.0695792570000535,0.0971677089999762,-0.408891608000034,
0.0989507510000226,0.0748506230000053,0.105969113000048,0.0805434850000174,-0.34734831700002,
0.0870329869999869,0.0914626380000082,0.0756284339999993,0.0914881830000113,-0.37558659700002,
0.0980301930000105,0.110697413999998,0.112260312999985,0.0732671929999974,-0.394146629000004,
0.0938228010000198,0.10919706000002,0.0844001839999883,0.110748728999989,-0.409160437999972,
0.0802643699999789,0.0869484249999641,0.074811910999988,0.0754433979999767,-0.417803814000016,
0.0974700179999686,0.129163696000031,0.069287398000019,0.095965797000033,-0.37975949599998,
0.0910619719999722,0.139764862999968,0.0986495159999836,0.110860086999997,-0.436944058000007,
0.0822271640000067,0.0914283789999872,0.0610931519999785,0.0860183749999828,-0.36331651800001,
0.10377623199998,0.0889775620000296,0.0856244779999656,0.100027212999995,-0.394817489000028,
0.0874345849999941,0.101896247999993,0.0864554439999647,0.0839930900000359,-0.394236450999967,
0.0719270870000482,0.0765404200000294,0.0682647740000152,0.0631940820000086,-0.383597317999994,
0.0703177619999615,0.103505933999984,0.0825831979999534,0.108719980000013,-0.323767172999975,
0.0747449089999641,0.0897748959999913,0.0707172860000337,0.0573228840000029,-0.296822055999996,
0.102635134999991,0.0846671369999985,0.080378923999986,0.103895173000006,-0.371616237000001,
0.0592378609999846,0.0881440750000024,0.0704905500000013,0.0857478810000084,-0.432357113999988,
0.0695652849999878,0.0833198289999923,0.0777562739999712,0.0967376500000032,-0.403606296999954,
0.0891671020000203,0.119278582000013,0.110355307999991,0.091601346000014,-0.441086694000014,
0.109096202999952,0.121903378000014,0.0975150270000104,0.093503582999967,-0.437544275000032,
0.0962503140000244,0.0836364469999821,0.0799783610000204,0.0927067919999781,-0.424901467000017,
0.0622265969999735,0.0810122770000444,0.0668786690000097,0.0806742049999962,-0.359313970000003,
0.0682884819999968,0.114749579000013,0.119888925000021,0.0889855209999787,-0.395732249000019,
0.0953918339999855,0.0861328729999941,0.0932152299999661,0.0805128719999807,-0.428135641999984,
0.0974635170000092,0.0789679339999752,0.0867330120000397,0.0555491690000103,-0.389414018999997,
0.0995685199999975,0.105840520999996,0.0954049949999917,0.078545320999971,-0.384196551000015,
0.0798166729999862,0.0969635420000045,0.099922542999976,0.0791418410000069,-0.357885500999993,
0.0995935120000067,0.0797163430000028,0.0959061510000215,0.102412927999998,-0.401258748999968,
0.0829194590000211,0.0851119989999897,0.0860958730000038,0.0999025370000359,-0.389986427999986,
0.0545216390000078,0.106994859000018,0.0787914550000037,0.073052289000063,-0.384120256999976,
0.0619367609999872,0.0899103999999775,0.103168336999997,0.0991280600000232,-0.365096873000003,
0.107146097999978,0.0913856130000022,0.0995357809999873,0.0982471480000295,-0.426882110999984,
0.067742985999992,0.0730669199999952,0.0499348699999896,0.0721329659999942,-0.371422151000002,
0.0849211960000166,0.0920148990000043,0.0945070159999882,0.0765159839999719,-0.409279779999954,
0.0767742139999887,0.0967811369999908,0.0807780929999676,0.0736394430000018,-0.340029609000015,
0.0845689369999991,0.0727733440000411,0.0763935830000473,0.0654481059999484,-0.397431351999976,
0.0627269050000141,0.0876250259999842,0.0927319279999965,0.0840202730000196,-0.342845754999984,
0.0832132780000015,0.0716583189999642,0.102116985999992,0.0935862990000273,-0.38028427099999,
0.0877224479999932,0.0812832370000078,0.105139733999982,0.0798745600000161,-0.366734142999993,
0.0940845809999628,0.0984643480000109,0.0997703359999587,0.103828062999989,-0.401231255000002,
0.0751314429999825,0.0943080490000284,0.0789022110000128,0.0939980470000164,-0.374640897999965,
0.105806181000014,0.0648145040000163,0.0863449869999936,0.105655256000021,-0.40067292500001,
0.0735802860000322,0.10711965800001,0.0975851079999861,0.0982127119999864,-0.358863225000001,
0.0670026060000068,0.0688707460000005,0.0948132139999884,0.0538896609999761,-0.357865252000012,
0.104409386000009,0.0924074119999796,0.0896496540000044,0.108007677000042,-0.415078312999995,
0.0978418450000017,0.0696186479999928,0.0752058399999828,0.0867512740000416,-0.386754204000019,
0.0783861139999658,0.0717413930000475,0.0996621810000392,0.0841917959999873,-0.38917044900003,
0.0780543269999762,0.0876125169999987,0.112730374999998,0.113030498000043,-0.412271250000012,
0.0605246740000061,0.0768402400000018,0.0721901719999728,0.0716528919999746,-0.406022413000034,
0.100237904000031,0.116473931999992,0.0869238940000182,0.0826267719999769,-0.428714569999993,
0.0720045349999464,0.103297849999999,0.11156477799999,0.0861475749999818,-0.339425403999992,
0.07404411999999,0.0744913639999904,0.0783657009999865,0.0739240260000111,-0.402996443000032,
0.0711634690000255,0.0833812009999947,0.102077765000031,0.114142692999987,-0.378921863000021,
0.0994251610000083,0.092891377000029,0.087314499999999,0.105705404999984,-0.452435468999972,
0.0783774390000108,0.0791935259999868,0.0632345089999962,0.0617141279999951,-0.383659946999963,
0.0837170499999861,0.0894101139999766,0.0912800429999797,0.0902392769999847,-0.365855561000019,
0.0890657449999958,0.090223817999994,0.0977941679999717,0.112279929000017,-0.40370362300001,
0.0736997549999915,0.0623516029999873,0.0868514430000164,0.0842795139999989,-0.375378149000019,
0.0976205920000334,0.0757245220000045,0.0710201040000429,0.0943488270000212,-0.372425856000002,
0.0814137910000177,0.0974212390000007,0.100521933999974,0.0869503260000056,-0.440273120999979,
0.0912991550000347,0.0994274310000028,0.0874167310000043,0.118358381000004,-0.371683607000023,
0.0827292340000286,0.0800184989999766,0.0963231220000098,0.10383008099999,-0.458469326000013,
0.107025050999959,0.0928413409999916,0.0733349760000092,0.0860878570000054,-0.424907837999967,
0.0899740539999984,0.0747579709999709,0.0940137849999915,0.0802100809999724,-0.365422346999992,
0.0984310650000039,0.0845846420000166,0.101433377999983,0.0858832339999849,-0.398600223000034,
0.0690358589999864,0.0740609640000207,0.0784228760000346,0.0891685069999785,-0.414592916999976,
0.0794843890000102,0.0955394310000179,0.0859949560000082,0.0912709639999925,-0.354706306000016,
0.0884264049999883,0.0950806380000245,0.0773722149999339,0.0903307609999943,-0.365209957000026,
0.0929696519999748,0.123685177000012,0.104792921000026,0.0956588549999815,-0.397309452999978,
0.0817396150000045,0.110953074,0.0673111670000349,0.0857377739999984,-0.392846364999999,
0.0879588999999887,0.071997212000017,0.0928047070000371,0.0985213859999981,-0.409648174999981,
0.0902101689999977,0.109765032999984,0.0725008270000076,0.0540480460000072,-0.359787865000013,
0.0711371930000164,0.0737783539999796,0.0828289500000228,0.0788199000000013,-0.321481291999989,
0.0810431630000071,0.0984746549999977,0.0772891379999905,0.100409847,-0.407371998000008,
0.0657645579999535,0.0892108309999908,0.0565508750000008,0.0735081630000145,-0.309195717999967,
0.0679971870000245,0.0651330890000104,0.0716064960000213,0.0792104240000067,-0.363178615000009,
0.0987288160000398,0.0739364819999773,0.0859790070000095,0.0708459889999799,-0.370311590999979,
0.0875238730000033,0.0808451710000272,0.0807297969999895,0.102063359000019,-0.349320488,
0.10777592000004,0.105006920000041,0.0818485580000061,0.0996907699999961,-0.404965366000009,
0.0988026649999824,0.106049288999987,0.0801289799999886,0.0892026060000062,-0.413059390000023,
0.0807921690000435,0.0851657389999741,0.100002847999998,0.0919052320000001,-0.396310575000023,
0.0657786749999814,0.0862433119999901,0.0655866070000329,0.0704449239999981,-0.394886753999996,
0.0901954139999966,0.081849788999994,0.0956636699999958,0.0729462779999872,-0.384763537000001,
0.0668862589999917,0.0730367959999894,0.0816603870000017,0.0830577259999727,-0.361182393999976,
0.0979620480000226,0.0795945209999882,0.106577820999996,0.077457001999971,-0.391593990999994,
0.100744672999986,0.0786797150000043,0.0763809959999821,0.0978814909999624,-0.405511210999972,
0.0921939770000072,0.0841954520000263,0.0837433830000105,0.0768433389999868,-0.389488916999989,
0.101017078000014,0.0891827959999614,0.0762731050000002,0.105179363999979,-0.362673750999998,
0.0881036599999888,0.0769530830000081,0.0942209399999911,0.0827046370000039,-0.35076327200001,
0.0667972950000003,0.0811617189999952,0.0810665240000048,0.0712447360000069,-0.386242841999997,
0.0650576599999995,0.0870304680000122,0.0795394290000249,0.0920046350000025,-0.433655650999974,
0.0915152729999522,0.077423836000014,0.0997109669999559,0.0871010349999961,-0.40125061599998,
0.0869621059999645,0.0819222529999993,0.0669712579999828,0.0949369900000215,-0.398862727000025,
0.0900540840000031,0.0972223080000122,0.072401080999965,0.0807195299999653,-0.38754273700003,
0.0782074320000052,0.066994665000032,0.0821479070000105,0.0545524240000273,-0.360627996000007,
0.110152227000006,0.0976521559999828,0.0918864979999835,0.0809044349999895,-0.383033959000001,
0.0921500389999869,0.111692233000012,0.0749344360000241,0.0645250849999643,-0.374568848000006,
0.085972294999955,0.0831616869999539,0.0991065100000342,0.0919902930000076,-0.360494549999992,
0.10801823999999,0.0979404949999857,0.0763217690000065,0.0913296490000066,-0.412548805000031,
0.0970558659999856,0.0900693900000088,0.0903696410000089,0.095636372999998,-0.443984377999988,
0.0737431449999808,0.075297894000003,0.106963922000023,0.0726587540000305,-0.398288258000013,
0.0787390370000162,0.0997575379999967,0.0922465030000171,0.0613254419999798,-0.433512349999996,
0.0853725240000058,0.0764115650000067,0.0796042510000052,0.0895735719999966,-0.361246575999945,
0.106690714999997,0.0665455670000074,0.0824036250000086,0.11844622999999,-0.396292156999972,
0.0723415639999735,0.0760009599999989,0.101039038999995,0.0956690309999822,-0.406131241999996,
0.0877010249999998,0.0698008869999417,0.0849159460000201,0.109295068000013,-0.406052354999983,
0.0811461039999808,0.0736894910000306,0.0883732599999967,0.0937611339999867,-0.419616652000004,
0.102957276000005,0.123627073999983,0.0769745279999943,0.0960485199999853,-0.355367161000004,
0.0966677450000261,0.106196226999994,0.0884822020000229,0.12724253599999,-0.379158805999981,
0.107473543000015,0.0889506689999971,0.0860057520000073,0.0941290000000072,-0.428174313000003,
0.0717984780000097,0.0888938670000089,0.0853591209999968,0.0861534649999935,-0.374345166000009,
0.0995948000000481,0.112060066999959,0.0885537999999674,0.104257276999991,-0.416629630999975,
0.0799956450000082,0.0969373680000313,0.100300886999995,0.0801947910000126,-0.363547952999997,
0.0741035989999973,0.0815299220000352,0.0992523969999729,0.125541408000039,-0.372156950999974,
0.0945961150000253,0.0872181520000254,0.0959217580000036,0.088977147000006,-0.358876031000001,
0.0772212089999925,0.0516955760000083,0.101405240999982,0.0698532890000029,-0.392983894999968,
0.080879845000009,0.0713726479999964,0.0759323050000344,0.0609229640000117,-0.399409411000038,
0.0915276430000031,0.0881699839999851,0.0872072090000115,0.0902595860000361,-0.43071724599996,
0.091373114999943,0.0706784319999847,0.0907703010000146,0.0786950709999933,-0.401897607999986,
0.0886211009999888,0.0865989719999843,0.0884889169999978,0.0776000799999974,-0.396280181000016,
0.0775397130000088,0.0651901149999885,0.0938111780000154,0.0835325969999867,-0.392646400000013,
0.0946029629999875,0.0791540320000177,0.0756692020000082,0.0988517859999897,-0.398532026,
0.0978691019999896,0.0610534259999981,0.0767793520000023,0.0949599689999868,-0.398952442999991,
0.0741241839999962,0.11321245699996,0.0800741149999903,0.0769280409999947,-0.370936231000003,
0.117469902999949,0.0858272730000222,0.0662283460000153,0.0585042679999979,-0.36261524099996,
0.106047738000013,0.0888940059999914,0.094683040999982,0.094683040999982,-0.424816088999974,
0.0790198409999921,0.0949721630000226,0.0826257309999846,0.0928633780000087,-0.438557115000041,
0.0798580880000163,0.0866884620000073,0.0896700020000017,0.0906877679999816,-0.44640623500001,
0.0639305270000123,0.0639305270000123,0.0870913350000392,0.085939610999978,-0.377865695999987,
0.0874483699999955,0.0676491399999759,0.0835309590000084,0.0972327070000115,-0.372407867000041,
0.097004934,0.0829211669999945,0.0879394670000488,0.0687111080000259,-0.39199792200002,
0.0939293780000175,0.0967549240000089,0.0853771699999784,0.0868186530000326,-0.420145878000004,
0.0827595659999865,0.0806918470000064,0.0757910490000222,0.0895341289999833,-0.397223562000015,
0.087255288000023,0.0817034849999832,0.101411615999977,0.085598493999988,-0.424025560000006,
0.0891291659999861,0.105567206000015,0.0826466139999907,0.0662741189999801,-0.383233763999995,
0.0787062109999929,0.074740311999964,0.0679735240000036,0.0703291370000165,-0.391058695000013,
0.0805614319999886,0.0805614319999886,0.0728831779999828,0.0664673700000285,-0.344934468000006,
0.111739173000012,0.0810650810000175,0.100806791999963,0.0984213240000331,-0.410014236999991,
0.0756692000000198,0.075529641999969,0.0863042940000082,0.0802872199999656,-0.378486738999998,
0.078164432999999,0.0714847040000227,0.0838713589999984,0.0855246319999915,-0.440725247999982,
0.0804644890000154,0.0826911830000067,0.0773194180000505,0.0741326860000004,-0.307363288,
0.0920840240000043,0.087604353000017,0.0737768040000228,0.101176621999977,-0.349885463,
0.0642394630000053,0.0804623480000382,0.0894828069999789,0.0770411980000126,-0.397642944999971,
0.0934435170000052,0.0882090569999741,0.0890386329999983,0.0884997740000172,-0.389332085000037,
0.0945338940000074,0.0821687860000061,0.0816512850000267,0.0735122059999621,-0.371458607000003,
0.103275205000048,0.103572111000017,0.074998927999995,0.0972131379999773,-0.376923319999998,
0.0883865819999664,0.0835973370000415,0.0813528620000188,0.057287492999968,-0.384902023000015,
0.0624526820000178,0.0736674519999738,0.0515558630000137,0.085582294000008,-0.397172450999984,
0.0910685439999734,0.0964570240000012,0.136890167999987,0.0873053969999864,-0.393266887999995,
0.0765923299999886,0.0935294160000053,0.0905790599999473,0.0760921819999971,-0.39375900900002,
0.0838755590000292,0.0902242940000042,0.100346758000019,0.0954921050000016,-0.415965581000009,
0.0757197360000246,0.0638915149999452,0.0831660659999884,0.0899227120000301,-0.384558465000018,
0.0828551599999596,0.0708746120000083,0.101510004999988,0.0518342520000138,-0.432975351999988,
0.0921044579999943,0.079877227000015,0.0986426949999945,0.101060327999979,-0.401029909999961,
0.0780808199999806,0.0924006559999912,0.0916762989999461,0.0843458429999937,-0.356540946999992,
0.113650978000018,0.0843400240000001,0.108092353999988,0.104442352999973,-0.410452251999989,
0.081096355999995,0.0863070579999876,0.099469804000028,0.0830123890000327,-0.393852128999986,
0.0923386680000381,0.0736040430000039,0.0883693379999818,0.0883680700000155,-0.465282401000014,
0.0546287020000104,0.069446434000014,0.080805889000027,0.0741535789999862,-0.387093827999973,
0.103842750000006,0.065506169000002,0.0756457570000289,0.101296805000005,-0.38813415200001,
0.0822298099999939,0.0927652409999691,0.0893073290000198,0.0843472899999961,-0.363540920000023,
0.103066695000011,0.101577815999993,0.101577815999993,0.100270067000007,-0.392343355999956,
0.0888038830000232,0.0940491560000214,0.0945373870000321,0.11225425599998,-0.407503527999981,
0.102175179000008,0.0641372570000426,0.0955503460000423,0.0873322210000215,-0.377316856000033,
0.10648790299998,0.0837137119999975,0.0914549199999906,0.0990405980000014,-0.385586174000003,
0.0885214170000067,0.0885214170000067,0.107000283000019,0.0855207760000071,-0.377467442000009,
0.0520343779999557,0.103808954000004,0.0969091669999907,0.0943474720000117,-0.344947188000006,
0.0779555559999817,0.0996976280000376,0.100238912000033,0.094656193000033,-0.372245839000015,
0.0881408389999997,0.0920773610000183,0.0444173599999845,0.093140584000033,-0.391339142000014,
0.0788129530000315,0.0715734619999898,0.0788938579999849,0.0905983319999823,-0.396528030999994,
0.0731627320000221,0.0900433099999896,0.0888463149999998,0.085709310000022,-0.368612460000007,
0.0850170589999825,0.0982213020000254,0.0972909970000574,0.0885077470000006,-0.422691799999991,
0.112919681000001,0.0885489219999981,0.0885489219999981,0.113554124000018,-0.386135074999967,
0.0780677160000409,0.117646530000008,0.0829733770000166,0.065733677999975,-0.396082394000006,
0.0878665369999835,0.102539791999985,0.080278314999965,0.117245641999988,-0.414004959999986,
0.0992023480000198,0.109113029000003,0.0688869880000138,0.0986250629999809,-0.375872764999979,
0.0850271900000266,0.0805223619999979,0.109780376000009,0.096477389000032,-0.397065074000015,
0.0799717570000157,0.0752251889999748,0.086703146000008,0.0993438309999865,-0.427122571000021,
0.0693280539999932,0.0866327769999857,0.099477115999995,0.0620123920000069,-0.385306197000042,
0.0896592580000124,0.0974555320000181,0.0689796150000098,0.0931026150000061,-0.414655579999981,
0.0765184500000246,0.0996262029999948,0.0815877690000129,0.0937487880000203,-0.370466219000028,
0.0537569929999713,0.0898193260000053,0.090331841999986,0.0613581059999924,-0.38678513300001,
0.0986027460000087,0.106404413999996,0.0755204659999849,0.0960376429999928,-0.42344691800005,
0.0777438989999819,0.0708902919999923,0.063557543000054,0.0783845750000528,-0.390632306000007,
0.06898600699997,0.0909468200000169,0.0882420680000073,0.0732716320000145,-0.370572163000031,
0.0720013290000011,0.0800046750000361,0.0919509350000158,0.15486878599997,-0.394791925,
0.071959105000044,0.0873632989999965,0.0701156899999974,0.0775531530000003,-0.396447019000003,
0.060725332999983,0.0774649400000108,0.0767513570000169,0.0634866210000337,-0.410766920999994,
0.0552536680000221,0.0636615850000367,0.0636615850000367,0.0594179820000045,-0.369686998000025,
0.0710024289999856,0.107851744000018,0.0848786219999938,0.107621358999981,-0.436833895999992,
0.108690987000007,0.096424511000027,0.0831789049999825,0.0794170950000198,-0.441359564000022,
0.0814213599999798,0.124304655999967,0.0770941829999611,0.109420679999995,-0.388000936,
0.0599977539999827,0.0771582790000193,0.0862031219999922,0.0663668450000214,-0.358168468000014,
0.0795163950000338,0.0783671510000131,0.0913017579999982,0.0996006539999898,-0.429412900999966,
0.0707556189999909,0.0779937370000121,0.0892576119999635,0.0764284230000012,-0.366120605999989,
0.102682675000029,0.0928889440000376,0.0851242120000033,0.103629227999999,-0.405563476000001,
0.0834740440000114,0.0898298279999844,0.073430123999995,0.0640361720000074,-0.409552125999964,
0.0936996480000139,0.0911537020000133,0.0863362799999923,0.0854333230000066,-0.427212750000002,
0.0732539760000004,0.0808367270000049,0.0872911950000148,0.0896923869999932,-0.377115591999966,
0.0801689870000459,0.0952739190000275,0.0697461390000053,0.107288043000009,-0.401711810000043,
0.092610389000024,0.106164377000012,0.0569334570000042,0.101639637000023,-0.413509037999999,
0.0773085600000222,0.099539686000001,0.107085591999968,0.119294943999982,-0.433863124999971,
0.077289656000019,0.093568267999975,0.0955426700000094,0.0699339349999864,-0.397656212999978,
0.0928537129999786,0.086930150000012,0.113903969000008,0.0594380419999861,-0.395162763000053,
0.0845671980000161,0.103712050000013,0.0853910589999773,0.0768081620000048,-0.332287496,
0.104550062000001,0.0877810929999464,0.0748799470000308,0.103779441999976,-0.395071399000023,
0.0957813919999803,0.0838978930000358,0.0874932149999845,0.0874932149999845,-0.405193995000007,
0.0864939409999797,0.0795416589999868,0.0863313540000104,0.0825001830000292,-0.411212392000028,
0.129387803000012,0.0631466370000212,0.0959530899999963,0.0855818439999825,-0.38038323299999,
0.0908944399999728,0.0985115499999874,0.118492867000003,0.089421966000014,-0.425405532000044,
0.0914259870000183,0.0770423050000131,0.098793331999967,0.0821246979999728,-0.397157004000001,
0.084151492000005,0.092653656999993,0.0755269099999632,0.0699283199999804,-0.382450938999987,
0.094169602999993,0.0834700629999656,0.0825776799999699,0.0999740780000134,-0.406508429000029,
0.0850984160000171,0.0743121010000264,0.0876694689999986,0.0772948690000121,-0.350466315000009,
0.0735549100000008,0.0949650449999999,0.0788052950000006,0.0833092739999879,-0.36783625299999,
0.101420330000029,0.106440493999973,0.0734266250000242,0.0957553399999942,-0.466673394999988,
0.0933428500000145,0.0446106379999974,0.0965149789999887,0.0958789750000192,-0.404651430000006,
0.0699717430000023,0.0985337920000115,0.0663386240000391,0.0861483500000031,-0.406822529999985,
0.10383338999997,0.0964473970000045,0.0823347160000508,0.11007157499999,-0.454120332000006,
0.0730106300000002,0.0851121970000222,0.0870196279999909,0.0691223240000099,-0.398008123999985,
0.0796856809999918,0.104612714000017,0.0764090830000291,0.108515344999999,-0.40987921200003,
0.0839263690000048,0.0781107160000024,0.0796208869999923,0.0874863759999625,-0.381730422000014,
0.0741379100000145,0.0833228989999761,0.0907545020000002,0.0924500639999919,-0.399345128000011,
0.108193966999961,0.0818719730000321,0.0818719730000321,0.0668653229999886,-0.416854323999978,
0.052194200999983,0.114140929000001,0.100167331999966,0.0964768019999851,-0.376100690000009,
0.105613276999993,0.0608236279999505,0.0702443599999892,0.0695157970000077,-0.356593499000011,
0.0863460370000339,0.0897615999999862,0.0880873450000208,0.0692690969999535,-0.374265062999991,
0.103226340999996,0.0677303409999936,0.105348823999976,0.091610764999994,-0.375712150000006,
0.0861690540000104,0.0794677699999847,0.0594832640000104,0.0668161999999984,-0.382518166000047,
0.0830956040000256,0.0955482019999927,0.0724025300000167,0.0530633669999993,-0.408068436000004,
0.0962737279999947,0.116886046000006,0.0965676080000076,0.11552846299998,-0.452597802999993,
0.100468049000004,0.0854114379999978,0.0860141709999916,0.0788485160000127,-0.408465539999997,
0.110608470000001,0.110377715000031,0.0812258390000356,0.103013375999986,-0.358690399999988,
0.102875945999989,0.105628076999974,0.0820979109999948,0.0790567070000202,-0.385719022000004,
0.0821779829999969,0.114944170999997,0.113722753999983,0.0873904220000159,-0.402658239999994,
0.0880422680000124,0.0814211999999807,0.0851727559999895,0.0681275419999893,-0.346596574999988,
0.094794794000044,0.0781536920000131,0.0758648820000044,0.0592240369999827,-0.369399367000015,
0.0858645069999893,0.0949549399999924,0.0914446930000381,0.0849989449999825,-0.382717435000047,
0.0766331159999904,0.100739493999979,0.0807835940000277,0.0937943439999722,-0.46425090099998,
0.0784285189999982,0.0964701750000099,0.100886722000011,0.0882848329999888,-0.436007723999972,
0.106608873999972,0.0840591460000128,0.0621601719999694,0.0866610080000005,-0.376487534000003,
0.11331773900001,0.0941048260000225,0.0787627699999889,0.0872251679999854,-0.382595977000015,
0.0752696339999875,0.0953191560000068,0.101433622999989,0.102247972999995,-0.390519842000005,
0.0914646860000189,0.0860836070000273,0.0984062919999924,0.074654353000019,-0.430034462999995,
0.0806450599999816,0.113100323999957,0.0886277730000056,0.10105268299998,-0.435851278000006,
0.0849164700000147,0.0828669910000199,0.0863573729999725,0.105642582999972,-0.393118686999996,
0.0995971929999873,0.076183012000005,0.101406498999968,0.101406498999968,-0.426421260999977,
0.0752446520000212,0.0886033579999967,0.0936865050000069,0.0905605360000213,-0.440929584000001,
0.0973122379999886,0.104125914999976,0.0780128599999839,0.0903362000000202,-0.403115394999992,
0.0850707520000306,0.105556270000031,0.0816696000000247,0.0743053089999917,-0.344637140999977,
0.0746570509999619,0.101715596999997,0.0765044070000104,0.0547099970000104,-0.37227416699997,
0.0896239959999903,0.0921735539999763,0.103684912000021,0.0937834579999935,-0.370805666999969,
0.0879380420000143,0.111683990999968,0.0885372019999818,0.0906075939999842,-0.42129500199998,
0.0690681769999824,0.090905838999985,0.0930355249999989,0.0758872869999932,-0.371202563000025,
0.079396942000013,0.063577216000016,0.0929209979999955,0.0813390989999903,-0.410624359000009,
0.0666292240000207,0.0981594769999952,0.0719714460000118,0.0824371910000259,-0.351072825000012,
0.0827613439999891,0.0972345849999542,0.0751670870000144,0.0859250850000249,-0.394611458000023,
0.087929256999988,0.0896250870000067,0.0985394620000006,0.121129639999991,-0.469920395,
0.0835785310000069,0.0829348070000119,0.0918723519999803,0.0829016999999876,-0.355394222000031,
0.076899682000012,0.0962739520000105,0.0914376899999875,0.0737024509999987,-0.367132864999972,
0.0896352050000137,0.0855243709999922,0.0954479110000152,0.105913324000031,-0.39427629300004,
0.0871942409999651,0.0921350150000003,0.0711643780000122,0.0822560899999917,-0.38096266900002,
0.0819931690000276,0.0686822329999918,0.0991835329999576,0.0937397329999858,-0.332605304999999,
0.090523569000014,0.0781997810000125,0.0983247080000333,0.0800377309999844,-0.374194303999993,
0.0726906269999781,0.0491536519999581,0.0809813359999444,0.0780002699999945,-0.352021158000007,
0.079782869000032,0.113783125000056,0.100728745000024,0.0880825729999856,-0.359082974000001,
0.0735213959999878,0.0812530310000116,0.0606548780000126,0.0843557169999781,-0.373283875999953,
0.0806699120000021,0.0595371809999756,0.110794370999992,0.103830331000005,-0.38279709599996,
0.101968152000026,0.0699684030000144,0.108637500999978,0.0935540870000286,-0.383065692999977,
0.0729917759999798,0.070247923999982,0.0833487170000049,0.110065111000018,-0.407093219999992,
0.0812347869999871,0.0784200820000256,0.0825472679999898,0.0854418479999481,-0.386093752999999,
0.0897959440000222,0.0804169330000254,0.096266641000022,0.0954210400000334,-0.351225308000003,
0.105705867000025,0.058331504000007,0.107780291999981,0.0998726979999806,-0.389594808000006,
0.0694693009999778,0.0713958010000038,0.090416495000029,0.0803894469999714,-0.392130964000009,
0.110712011999991,0.0989027640000118,0.069973432000003,0.108699210000007,-0.371283976999995,
0.0949985640000109,0.116576977999973,0.111305751000015,0.0875945490000054,-0.374602268999964,
0.0727742650000064,0.0779299020000058,0.0723461560000273,0.0760440789999943,-0.434292537999956,
0.0954017269999927,0.0672716829999799,0.10069169500001,0.0894086820000011,-0.386840684999981,
0.07285192399998,0.0921110889999823,0.0824057780000135,0.0923739180000007,-0.391733778999996,
0.0870980039999877,0.0849969489999808,0.0855944189999923,0.0571066050000063,-0.366732422999993,
0.0756168219999727,0.0942441109999786,0.0923014740000158,0.118153256999979,-0.383282000000016,
0.0745542090000226,0.077510350999984,0.0853749409999964,0.0739937739999918,-0.408339240000002,
0.0861042740000307,0.0951346480000507,0.0861042740000307,0.0887431540000193,-0.357397867999976,
0.111457645999986,0.0946384759999546,0.0815987160000245,0.10469744899997,-0.400506638000006,
0.108764748999991,0.0982711860000468,0.100486245999992,0.0630569089999831,-0.405197943000031,
0.111215838000045,0.10253652200001,0.111839578999971,0.0878425819999725,-0.392189053999968,
0.100493784999981,0.109466102999992,0.0788042160000196,0.103374696000013,-0.353526798000011,
0.064622015999983,0.0817700969999842,0.064622015999983,0.064622015999983,-0.400229872000004,
0.0835825930000101,0.0812995859999815,0.0749551779999965,0.0850021330000091,-0.39427649600001,
0.0992449060000026,0.0898332489999566,0.0819897980000128,0.10942521900001,-0.368250545999996,
0.0913732529999752,0.0768625169999959,0.108827642999987,0.0777087980000051,-0.410366297999963,
0.0837070650000105,0.0826795039999847,0.0786589660000095,0.0800147419999894,-0.411641364999997,
0.0956508660000186,0.0783940980000475,0.0660911909999968,0.100866481999992,-0.396642993,
0.0861410240000155,0.0721289029999725,0.0660220409999874,0.0720645529999588,-0.40776387800003,
0.0696003999999884,0.0824142259999785,0.073931913999998,0.0845761539999921,-0.452411787000026,
0.100725772000011,0.0918522250000137,0.0645786580000404,0.0690500560000219,-0.443958192999992,
0.0883545489999806,0.0861938610000298,0.0952265229999748,0.0630393000000045,-0.432264882000027,
0.0978776689999991,0.0642167240000131,0.0814621789999442,0.0910472729999565,-0.353332176999998,
0.0819820059999797,0.0711196420000147,0.0546896889999771,0.0723422690000471,-0.397616873999993,
0.118017574000031,0.084831523999992,0.0751966099999986,0.0710052469999941,-0.363875069000036,
0.078253218000003,0.0959638770000333,0.099434436999999,0.0988129339999709,-0.397354825999963,
0.081379155000016,0.0804434320000282,0.0708074129999559,0.0893862180000069,-0.336251670999995,
0.0952716969999815,0.0987762229999753,0.0571731639999866,0.12357912999999,-0.357472483000016,
0.0764385510000152,0.0859256450000175,0.0997967729999855,0.0571862680000063,-0.381230399000005,
0.0853611560000409,0.0781313409999839,0.0780260720000019,0.105514011999999,-0.381822764999988,
0.0800970550000125,0.111836039000003,0.088192506999967,0.0916569660000041,-0.352075459999984,
0.0825116389999875,0.0748801150000163,0.0839702770000049,0.0951127590000083,-0.399231473000008,
0.0748656969999784,0.0807836099999886,0.0732180100000001,0.0890507399999674,-0.391884703999964,
0.0795553619999705,0.0715227569999688,0.0718472750000319,0.0761912609999972,-0.332395743000007,
0.114747995999991,0.0797579929999488,0.067728841000021,0.0996665369999701,-0.407951560999997,
0.0811285180000091,0.0649561729999864,0.109518082999981,0.0967003729999919,-0.373580567000019,
0.0693053900000141,0.0878350530000203,0.0771204780000148,0.094588325999991,-0.405836559999982,
0.0773117409999631,0.0954764720000244,0.102359883000006,0.0808410380000169,-0.397145167999987,
0.0933548129999913,0.0759866009999864,0.0920587969999883,0.0947382580000117,-0.383650469999983,
0.0964588420000327,0.0822684199999944,0.0926072269999968,0.120954687999961,-0.395949776000031,
0.0844678420000364,0.0840008709999925,0.0748513549999907,0.090837182000047,-0.397639896999993,
0.10318984300001,0.0705814809999974,0.0659215700000177,0.0868770080000204,-0.387048989999964,
0.105029245999998,0.0786339169999583,0.0963658840000239,0.0855962930000219,-0.381189104000022,
0.0759983189999771,0.0766021570000298,0.0798323019999839,0.0733432909999679,-0.400384644999968,
0.138141463999982,0.0762461399999752,0.0802012549999968,0.138141463999982,-0.40792373500002,
0.091736317999972,0.107467421999989,0.099211191999982,0.115967198000001,-0.430049560999992,
0.0982225740000163,0.0670393010000412,0.0858419000000245,0.102077574999995,-0.382837083999991,
0.0851629870000074,0.101842088999999,0.102753872000034,0.0927639260000133,-0.382115527000008,
0.0798095489999951,0.0926548629999606,0.0844809320000068,0.100880466000016,-0.411092164000037,
0.100251010000032,0.100869751000009,0.0815271149999776,0.0969566190000301,-0.365796773999984,
0.100691501999968,0.0864184180000098,0.104526863999984,0.0845764060000306,-0.395386571000008,
0.0856992019999952,0.0921159829999674,0.086972329000007,0.103754788999953,-0.382093741000001,
0.074494053999982,0.0987612029999959,0.0934709250000246,0.0798832370000209,-0.398827242000004,
0.0793500729999928,0.0926110399999438,0.0870638279999812,0.101197059000029,-0.387145717999989,
0.0701653079999901,0.103012601999977,0.104448475000012,0.0773303110000084,-0.381934336999974,
0.0744091839999746,0.110206224000024,0.0870855080000165,0.079056546999992,-0.387533519999977,
0.075182092999989,0.0841090069999877,0.120756973999993,0.0984350780000232,-0.374906800000001,
0.0852630409999751,0.0988609070000048,0.104748329999984,0.0929760639999854,-0.360507396000031,
0.0814737939999641,0.0817945250000162,0.120882404000045,0.0970706439999744,-0.408947144999998,
0.083333350999967,0.0751332980000557,0.110945132000032,0.120274359999973,-0.367816169999989,
0.0800747959999921,0.0785422610000396,0.0864952349999749,0.0795778069999637,-0.402680341999994,
0.0674369789999837,0.0802618370000528,0.0670893130000122,0.110723136000037,-0.42452324,
0.0780722880000139,0.070647232999992,0.0629733190000029,0.104358972999974,-0.378624931999972,
0.0654398409999849,0.0742977009999859,0.072525646000026,0.0794296849999869,-0.423247102999977,
0.0752222139999885,0.099076079000004,0.0927725470000118,0.064143124999991,-0.408602537999988,
0.0729166919999993,0.0877566199999937,0.0783407129999914,0.0896744470000008,-0.37916738100001,
0.0629024049999666,0.101892113000001,0.103118264000035,0.0895065070000278,-0.386858193000049,
0.0810906419999924,0.0854475079999815,0.0934196199999901,0.0887372840000053,-0.423185728999984,
0.110980961999992,0.0902105959999703,0.0902105959999703,0.0830725189999926,-0.39794492699998,
0.0879315399999905,0.066630382000003,0.0804614139999562,0.0812300400000299,-0.385893436000013,
0.0889038530000012,0.0837157680000087,0.0923302579999918,0.103304086999982,-0.408450326000002,
0.0856781930000084,0.077590147000019,0.0863073880000043,0.0980451269999758,-0.33627446199999,
0.0981600399999979,0.106588925000028,0.104704650000012,0.10521286299999,-0.433951431999997,
0.0814184029999992,0.0789333960000336,0.0769179070000018,0.0789333960000336,-0.366354266999983,
0.0619488989999904,0.082171633999993,0.0621217269999593,0.0577662850000179,-0.387842658999989,
0.109700856000014,0.0932697870000225,0.0687847850000635,0.0987868939999667,-0.426608026999993,
0.0904956090000292,0.0704127890000264,0.0650942160000359,0.0590745789999946,-0.369751864999973,
0.0535982029999882,0.0612502719999911,0.0811313260000061,0.0601076750000252,-0.314644799999996,
0.0980813299999654,0.10438733900002,0.0880994899999928,0.0804319540000124,-0.428633236000005,
0.0715557490000265,0.106172160000001,0.101278688000027,0.0836977900000097,-0.410607328999969,
0.0770391629999563,0.0835164769999819,0.0904792110000408,0.0828140859999762,-0.412991425000007,
0.0978404539999947,0.0971990719999881,0.0971368560000196,0.0950055790000047,-0.406502527999987,
0.0920413410000406,0.0666434190000227,0.0937933000000135,0.0897363620000283,-0.361802160000002,
0.122440732999999,0.10148682,0.103488538000004,0.112719193999987,-0.385454766999997,
0.106710716000019,0.0929528430000087,0.117722449999962,0.104596462000048,-0.386223098999971,
0.0903043640000396,0.0860953349999782,0.087010794999997,0.0903043640000396,-0.363427546999949,
0.0848929859999639,0.0814825509999773,0.105260414000012,0.0814825509999773,-0.409854420000036,
0.0884104690000063,0.0754302009999901,0.0887311429999913,0.0634922289999872,-0.354288031999991,
0.110459345999973,0.0900288759999853,0.0708697289999968,0.121720098000024,-0.378879845000025,
0.0972441449999924,0.0785867270000112,0.0592179699999674,0.0633489359999712,-0.36331185,
0.0940362399999926,0.10683921199998,0.0893745960000042,0.0848129210000357,-0.43655052100002,
0.0872924220000427,0.0831764149999822,0.0898822650000529,0.0907384870000346,-0.385098245000011,
0.100403750999993,0.0822335869999974,0.0645958239999659,0.0860712450000096,-0.389786877999986,
0.09694650399998,0.0639982330000007,0.0978376600000374,0.111357783999999,-0.386175677999989,
0.0821687200000079,0.0862575629999633,0.108343328000025,0.0974726840000362,-0.366888353999983,
0.0920857670000128,0.0857011979999852,0.0885302070000448,0.0838354620000132,-0.380809495000034,
0.0810605939999905,0.0800787900000114,0.0900467819999972,0.0960711899999801,-0.405685183999999,
0.0803573949999682,0.0762128470000002,0.0682663870000147,0.0782170530000194,-0.372499220999955,
0.0708151079999675,0.087971735000036,0.0611851520000137,0.0690218690000061,-0.412539137000006,
0.0558712680000008,0.0776305170000201,0.0590634130000017,0.0841014970000419,-0.409038535000023,
0.0926318639999995,0.0815202910000362,0.0899058099999893,0.0800781100000081,-0.350145827999987,
0.070611204999982,0.0623383029999827,0.0697190040000096,0.0763410449999756,-0.367905687000021,
0.0936855809999847,0.0628976630000125,0.0491184489999623,0.088711216999985,-0.409370965000001,
0.091205159999965,0.0764974600000392,0.0874136039999698,0.0812414469999858,-0.428043105999959,
0.0707781790000186,0.104682524999994,0.0777198750000161,0.11965244800004,-0.424898111,
0.0783109530000165,0.078837444999991,0.0809882489999945,0.0965277680000445,-0.389580095999989,
0.0905049769999964,0.0766854360000061,0.0927723939999733,0.0938572610000015,-0.370854237999993,
0.0793117669999929,0.0906132820000103,0.0634697569999839,0.0833409319999951,-0.386320757999964,
0.105043966000019,0.097714630999983,0.0971452540000018,0.0784902989999355,-0.390806625999972,
0.0738351669999834,0.0616390700000034,0.0994852369999962,0.0812236970000231,-0.404927188999995,
0.097700777000015,0.128775303000046,0.0800014160000055,0.103051178000049,-0.400445471999986,
0.113629747999998,0.081222765,0.0762465509999793,0.0781351610000093,-0.370897624999999,
0.0938578540000394,0.101194629000009,0.0844455819999866,0.111873552000007,-0.413735782000019,
0.0755458130000061,0.0812855929999914,0.109642497000045,0.121245376999987,-0.404486254,
0.0622686529999633,0.0684468529999794,0.0863662310000077,0.0825491239999619,-0.432286079999985,
0.110998544000005,0.0963254979999774,0.116794875000023,0.081239805999945,-0.442427052999986,
0.0696520750000277,0.115287129999987,0.107871648999962,0.0741226870000123,-0.431454329999987,
0.0895531200000228,0.0888765729999877,0.0791864670000382,0.076541447000001,-0.377227435000003,
0.0890792280000105,0.0877489990000045,0.110961390000021,0.0924705949999707,-0.365010915999984,
0.0729738459999639,0.0876215770000354,0.07961237200001,0.0563552199999908,-0.382201932999981,
0.0822700210000216,0.097794379999988,0.0841355200000294,0.074134058999995,-0.385098366999976,
0.0823698199999794,0.0589114920000079,0.0659780730000048,0.0884966720000166,-0.390081335000024,
0.104004869999997,0.0869815019999801,0.10348033600001,0.0948644270000291,-0.410747817000013,
0.106337166999995,0.102063556999979,0.114340509000001,0.104775204999994,-0.415274133000024,
0.0918891820000199,0.0766532800000059,0.0917045209999969,0.0837486690000114,-0.355396987000016,
0.0529790600000438,0.0622161669999832,0.0883352879999925,0.0649377150000237,-0.383007204000016,
0.0843549860000262,0.0856409069999722,0.0847210299999865,0.0700363090000033,-0.358069644999994,
0.0974207040000447,0.0964826570000105,0.076287543000019,0.116318560000013,-0.364886033000022,
0.102903101999952,0.0713140489999646,0.0954798769999502,0.0808763849999814,-0.437457825000014,
0.0721024709999842,0.0796405789999612,0.0826077049999917,0.101088058000012,-0.374928592999975,
0.0908706730000285,0.0848801889999631,0.0911714429999838,0.0948259770000054,-0.390338322000005,
0.0804000319999973,0.0497209769999931,0.100167377999993,0.0944514029999546,-0.385702478000031,
0.0944177209999925,0.100417753999982,0.098862812000003,0.0886025749999908,-0.454163035999996,
0.0810306770000002,0.116830077999987,0.0840438359999903,0.0908583439999861,-0.367887687999971,
0.0668809820000256,0.0774149370000259,0.075315385999967,0.0636249910000097,-0.371750108999961,
0.0889799480000202,0.0725125190000254,0.0841153469999899,0.081321357000013,-0.394072893999998,
0.0767477230000059,0.0711000250000034,0.0711000250000034,0.0906988960000149,-0.381469899000012,
0.0755433759999728,0.0801611070000149,0.0669695530000417,0.0721969330000256,-0.376270145000036,
0.0908026519999953,0.103264342000025,0.0864682190000253,0.0936480060000345,-0.384671344999979,
0.0838012979999908,0.0792133290000052,0.0521078809999935,0.0710113740000115,-0.41638980700002,
0.0882333890000186,0.0882369560000079,0.0719148989999794,0.0930770649999595,-0.378866419000014,
0.0983592449999887,0.0781310239999866,0.0660365990000096,0.06855848900001,-0.392115141999969,
0.0797790119999868,0.0875271359999779,0.0994866849999894,0.0953544980000179,-0.386574237000028,
0.0699580400000173,0.0889446720000228,0.103641460999986,0.0837866789999975,-0.441908199000013,
0.0954833649999891,0.0634971119999532,0.0921364329999733,0.0875501720000143,-0.395808784000027,
0.0801174990000141,0.0920141050000102,0.106796797000027,0.091449284999987,-0.397824329999989,
0.0770230110000075,0.102492920999995,0.0968878309999986,0.102492920999995,-0.349307077000019,
0.0999471959999678,0.108038150999983,0.092374685000008,0.10201705900003,-0.465319876000013,
0.0853394670000089,0.102667776000014,0.09013512300004,0.0982992470000104,-0.394460090000038,
0.101334766000024,0.0886092449999874,0.0929935059999984,0.108604067999991,-0.421430409000001,
0.0916890769999763,0.0829345259999855,0.101763811999994,0.0953596069999712,-0.408577489999964,
0.0740683059999956,0.0734980050000222,0.0804328309999928,0.0643887669999781,-0.342764827000001,
0.0883975350000032,0.0929094950000021,0.0899244669999866,0.0873735970000021,-0.377697482999953,
0.0872907319999895,0.0889467350000009,0.0928431080000191,0.0994807039999978,-0.365039690999972,
0.0723475340000009,0.0686422830000129,0.0902121979999715,0.0450157180000297,-0.375453551000001,
0.0870021330000159,0.0691225570000047,0.0813867059999693,0.0967534230000065,-0.459212005999987,
0.0878007520000228,0.0665774249999645,0.100275522000014,0.0923069250000003,-0.358090613999996,
0.114389562000043,0.114816450000025,0.103132150000002,0.0898141789999968,-0.419375297000012,
0.0788324899999834,0.0963954269999672,0.0659753950000268,0.0616595670000193,-0.402999027000012,
0.0900424120000062,0.0704161359999966,0.086071055999983,0.0971204110000072,-0.401474848999993,
0.103731085999948,0.0585238690000342,0.0779303799999789,0.0626299409999738,-0.348872454000023,
0.0942973770000076,0.101378771000039,0.0942973770000076,0.102357469000045,-0.412414814000023,
0.0926242359999765,0.113823858000022,0.106732567000014,0.0949555530000011,-0.435234845000032,
0.0876340409999775,0.0811101609999964,0.108740784999974,0.0837376809999946,-0.386013726999989,
0.102045507999989,0.0936964819999798,0.102610243000021,0.0820654509999813,-0.364876998999984,
0.0918475119999953,0.0809584279999826,0.0842717189999767,0.0834201099999982,-0.382336707999992,
0.0822572110000065,0.0782149239999649,0.0747177310000056,0.0586398099999765,-0.402281289999995,
0.0729831160000181,0.0943594529999841,0.0895039200000078,0.0933815580000232,-0.382876969000021,
0.0854137340000057,0.0838322839999878,0.106843393000038,0.0903556789999989,-0.379392176999998,
0.0862442279999814,0.0639734189999572,0.0716532040000206,0.0866956789999954,-0.390039336000006,
0.0884864800000064,0.0715697109999778,0.114828592999951,0.0977711209999793,-0.368923787999995,
0.0899837470000061,0.104700523000012,0.116329865999986,0.0768163659999923,-0.399544490999975,
0.0782213029999925,0.107955686999995,0.0790892839999951,0.104074185999999,-0.447091116999979,
0.0763900800000292,0.113547545999982,0.105455424000012,0.102311940000001,-0.372932006999987,
0.0995704979999805,0.0666439640000099,0.0665815640000342,0.0720144389999991,-0.371766707000014,
0.0965455369999918,0.0756350899999893,0.0818835989999852,0.075482869000024,-0.413755080999999,
0.0934155879999939,0.104864333000016,0.0800166069999618,0.0966549990000094,-0.412344043000008,
0.0730999600000123,0.0812147289999762,0.0980445509999963,0.073084967000028,-0.353250864999986,
0.121036797999959,0.083908265000031,0.0887531620000377,0.0747614109999458,-0.386234676000002,
0.0809529759999705,0.101757194999981,0.0864287579999891,0.0887213230000034,-0.364920107000027,
0.0752444469999828,0.0779882840000373,0.0816567790000072,0.0847875909999648,-0.360056391999994,
0.0906242450000063,0.101349037999991,0.0900917659999877,0.107049114000006,-0.439040023000001,
0.0634683630000136,0.101225439999974,0.0833896849999783,0.0994891829999933,-0.381409480999973,
0.105634759999964,0.100357089999992,0.0760342350000024,0.0873005759999965,-0.414867935999974,
0.108593551999973,0.0851088070000346,0.0835826800000004,0.0844442649999646,-0.361512087999956,
0.0978524629999911,0.112391444999998,0.0885524289999958,0.0802382149999935,-0.407346388000023,
0.0784828490000041,0.0840620549999753,0.0892221859999795,0.109968903999988,-0.385456592000036,
0.0830066829999682,0.0854029460000179,0.0945972279999805,0.0768859550000552,-0.338753622,
0.106882622000017,0.102894101999943,0.0929389660000493,0.112072548999995,-0.434946394999997,
0.0815324250000158,0.0661820420000095,0.0706195829999724,0.103151491000004,-0.382263789000007,
0.0980362430000023,0.105448004000014,0.104325236999981,0.105525032000028,-0.395683162999967,
0.100817290000021,0.0850760049999744,0.101503384000009,0.0757030729999969,-0.363250792000018,
0.0886545109999447,0.0902284629999945,0.067652076999987,0.0659049029999919,-0.36045628300002,
0.0839382729999643,0.0702424869999804,0.0490695610000116,0.0945262300000149,-0.382699449999964,
0.0898110989999695,0.0973246149999673,0.0842801859999718,0.0842979370000153,-0.389682997000024,
0.0840953160000104,0.0622756929999869,0.0956045100000201,0.109365308999958,-0.382857042999994,
0.08078576199999,0.0942415689999825,0.0619550330000252,0.10225226300002,-0.36897077,
0.0805594379999966,0.0965533139999725,0.0879045839999935,0.0869850539999538,-0.339693947999984,
0.0756000760000206,0.0865907579999575,0.124577941000014,0.0952578920000246,-0.429613065000013,
0.0784953120000087,0.0920163860000007,0.095197422999991,0.0741494040000161,-0.366391810999994,
0.105103288000026,0.0693361379999937,0.0707564799999914,0.0622932260000066,-0.343025869000025,
0.0750482039999952,0.0818999810000014,0.0701299889999809,0.0827473640000176,-0.374453785999986,
0.0587914040000246,0.0835210749999828,0.104222265000013,0.0832237819999964,-0.309827345,
0.0884508589999937,0.0728360600000328,0.11011291599999,0.0917150449999622,-0.42359679100002,
0.0828389780000202,0.0950233089999738,0.0855796369999934,0.0945729460000011,-0.364973565999991,
0.0658358859999971,0.0656594190000037,0.0726206239999824,0.0971471320000164,-0.411579926999994,
0.0859584399999881,0.0934661660000306,0.0768701830000164,0.0938685669999841,-0.399099758000029,
0.10175545600001,0.08731624500002,0.0870355839999988,0.0911669830000046,-0.367835944000044,
0.071166027999986,0.0967883380000089,0.084705158999996,0.109059334999996,-0.366603042000003,
0.0649481229999728,0.0879157720000312,0.0973782479999718,0.0718036049999892,-0.359714226999995,
0.0880096560000238,0.0880096560000238,0.107576829000002,0.108481472000011,-0.433891953999968,
0.0723528310000042,0.082789664999968,0.0782990510000386,0.0562020419999621,-0.39475005,
0.110914159000029,0.110693139000007,0.101146701000007,0.107545282000016,-0.436357137000013,
0.121300195999992,0.121512456000031,0.115626981000011,0.0986832289999934,-0.44591373400001,
0.0892971060000218,0.0898509310000022,0.0726646969999897,0.0868451960000034,-0.39229772899999,
0.0793568419999988,0.0874458890000215,0.113951349000014,0.103914511999984,-0.366576403999986,
0.0681295970000233,0.0760271849999845,0.0790256029999982,0.0887435909999917,-0.368976527000014,
0.0950533830000104,0.092460530999992,0.0950533830000104,0.0718789930000498,-0.400755810000033,
0.0830841470000187,0.074882443999993,0.0917108660000085,0.0781196610000052,-0.420761512000012,
0.0524989450000026,0.0541298560000296,0.0782033019999972,0.0766697490000042,-0.330077498000007,
0.0945469309999685,0.103619169999977,0.0887921070000034,0.0958190640000093,-0.453090010000037,
0.0897901129999723,0.0813720710000471,0.120719875999973,0.100469690999985,-0.387681230000016,
0.0892239510000127,0.0931730329999496,0.0799643759999985,0.0931730329999496,-0.431756726999999,
0.0770469879999941,0.0819201680000047,0.065033548000009,0.0986521760000205,-0.384356231,
0.0712409670000202,0.104473043999998,0.109845062999974,0.104371448000007,-0.377096907000003,
0.114370077,0.0733958159999888,0.0713555640000004,0.0876537440000238,-0.374870586999989,
0.0874679049999886,0.0583872849999752,0.100752958000017,0.0672903610000017,-0.455866106999993,
0.100784418999976,0.100784418999976,0.106928648999968,0.0875131870000532,-0.373094554999975,
0.0778183009999934,0.0819932960000292,0.0811869959999908,0.0870676139999737,-0.380891612000005,
0.0470746589999785,0.0891195739999916,0.103123223000031,0.073667638999998,-0.352114611000027,
0.0945275869999873,0.0874677260000121,0.0750887729999981,0.0797273660000214,-0.323954263999968,
0.0782037289999698,0.0985223550000046,0.0865121170000293,0.0660934780000034,-0.362038523000014,
0.0685812660000042,0.0957386160000183,0.102045968999965,0.0919665419999887,-0.360174561000012,
0.095043184999985,0.088650195999965,0.0859977829999834,0.0917648479999689,-0.44623490600002,
0.0735055830000037,0.0874569059999731,0.0968596440000069,0.0908984320000218,-0.408546245000023,
0.0989399570000296,0.0839173069999852,0.0790515369999889,0.105336555000003,-0.398247609999988,
0.105397613999957,0.105046907000015,0.102572635000054,0.0874940410000222,-0.427570976000007,
0.0745193679999948,0.0715634650000006,0.111474998000016,0.0946642930000062,-0.388470901999985,
0.0749361509999858,0.0969011149999983,0.0768675730000145,0.109702857999988,-0.404536885000009,
0.101364003999982,0.143953636000026,0.0998057189999781,0.094955471000017,-0.33632847699997,
0.0846306780000286,0.0839454990000058,0.0745071529999823,0.078487988000003,-0.387379030000017,
0.0706429959999573,0.0632785770000205,0.103802988000001,0.0673941729999983,-0.393154724999977,
0.10271704299997,0.0847382789999974,0.0855978559999944,0.107976772999982,-0.358001489999997,
0.0915259939999719,0.0777223810000341,0.083445466000011,0.0774234219999744,-0.405861752999986,
0.0957253539999797,0.110436084999969,0.109404513999988,0.109986022000007,-0.44809161000002,
0.0918608149999923,0.0827305629999869,0.0940101800000107,0.0877719010000019,-0.391810643999993,
0.0938666200000021,0.0913179490000216,0.102751792000024,0.0857839689999651,-0.442020703999998,
0.0959791229999951,0.108347331000018,0.0916045519999525,0.056193979000001,-0.383246255999988,
0.0827907420000242,0.0890587700000124,0.0985003050000241,0.0836028940000197,-0.360154729999968,
0.0998342530000295,0.110647844000028,0.084142752999991,0.103103931999978,-0.36747522100003,
0.0845767280000009,0.0819853190000226,0.0654028190000445,0.0761844379999575,-0.386529807000004,
0.0702433089999972,0.0703437230000172,0.0625841720000158,0.103011084999942,-0.451576033000002,
0.0815743279999961,0.0936658030000058,0.108682341999962,0.109119134000017,-0.402187557999973,
0.0942025819999781,0.0752988580000156,0.0896631709999724,0.0908674900000069,-0.423304072000013,
0.0778492290000354,0.085247675000021,0.100107913999973,0.0944899860000164,-0.397339526000015,
0.0858009109999884,0.0895504620000179,0.0907619019999916,0.07807661099999,-0.439108517000008,
0.0674790310000171,0.0762726600000183,0.08242631199998,0.109641395000032,-0.43060113499998,
0.0858051319999963,0.0956571969999909,0.0858051319999963,0.0729513989999864,-0.395446328000018,
0.0836916339999834,0.0755164680000184,0.0736899689999823,0.0994849980000131,-0.393817187999998,
0.0883487310000037,0.0841471789999719,0.0701050089999444,0.0695030519999805,-0.368624990999996,
0.0727111919999611,0.0818021189999604,0.0943193310000083,0.0896286280000163,-0.417210553999972,
0.0789854699999928,0.0885947770000043,0.0871714629999778,0.0941009190000023,-0.414837406000015,
0.076130399000021,0.0606365189999806,0.100025062999994,0.0867965429999517,-0.387813856000018,
0.0772214789999962,0.081755345000005,0.0796597560000018,0.110601521000004,-0.376823006999976,
0.0950720909999723,0.0893054530000418,0.0898119350000061,0.104714526999996,-0.375256765000033,
0.0760300909999942,0.0788036519999669,0.0953376340000268,0.0768221160000207,-0.372670684000012,
0.117259027000039,0.0742304540000246,0.0779122999999831,0.0882912829999759,-0.377370157999989,
0.0782429269999952,0.0782954959999966,0.0811967110000114,0.0539206289999765,-0.402639241000038,
0.0921075440000282,0.0789453120000548,0.07542594900005,0.117212566000022,-0.397300529000033,
0.068891082000016,0.0925617029999785,0.0890891619999988,0.0728612520000497,-0.38388970700002,
0.0950073400000042,0.0923664890000205,0.0931772110000434,0.0795815519999951,-0.405042467999999,
0.100621321000002,0.0785750860000244,0.106982899999995,0.07191903000001,-0.391248982000038,
0.102531170999986,0.0819424789999875,0.0958391250000404,0.088890458999977,-0.393029922000012,
0.0842854909999915,0.0840996709999868,0.0642558439999862,0.0841835509999846,-0.404613932000029,
0.0844861629999718,0.0959784230000014,0.0770270940000014,0.0870446999999922,-0.414362899000036,
0.115022631999977,0.0985704700000033,0.0853115409999559,0.0792393639999855,-0.390631155999986,
0.0830660120000052,0.0885762090000198,0.0938763520000243,0.0964023340000449,-0.385139522999988,
0.0874657470000179,0.0897282999999989,0.0842896160000155,0.0563157660000184,-0.359440720000006,
0.0773476669999836,0.0880830140000221,0.0796526119999926,0.0668015240000141,-0.356366816999994,
0.102886494999998,0.0768585219999754,0.0594058640000135,0.104953636999994,-0.340925904999966,
0.10820625500002,0.0781453159999833,0.0705161089999869,0.0948053330000002,-0.431682719000024,
0.101311943000004,0.089151638000018,0.103378193000002,0.0982917659999907,-0.430488528999976,
0.109613662999981,0.0882785090000061,0.0841052510000172,0.098771147999988,-0.341631822000031,
0.0908465130000523,0.0997197569999785,0.0738875780000239,0.0945413640000402,-0.43116411099998,
0.0719734510000258,0.0752815220000416,0.0790882050000109,0.0824670590000032,-0.399323601999997,
0.0869495310000102,0.0852898629999995,0.0849302759999891,0.0752471359999722,-0.378314320000024,
0.0916023890000083,0.0700478649999522,0.0825318590000347,0.0648108400000424,-0.407547819000004,
0.0887881230000371,0.0725336320000374,0.100076399999988,0.0839421189999989,-0.418884237999991,
0.0907574240000208,0.0907888270000121,0.0941262610000217,0.123198545000016,-0.448764267000007,
0.0629449669999781,0.0662797890000197,0.0958115420000604,0.091906482000009,-0.425691801999974,
0.0579814879999899,0.0819591719999657,0.0781786580000139,0.0698013180000121,-0.390821475000003,
0.0997777440000013,0.0899629899999818,0.121021367999979,0.0744081449999753,-0.437001716000001,
0.0950354389999839,0.0550810189999725,0.114848606000046,0.0834402449999861,-0.416978449000005,
0.0635797040000161,0.099450094999982,0.0670412440000136,0.0816559140000181,-0.339672614000016,
0.0796910949999551,0.0883305290000017,0.0923297199999847,0.0775765219999816,-0.369951042000014,
0.0914244669999698,0.0964284199999979,0.0508786120000004,0.0712548749999733,-0.351642224999962,
0.093427220000016,0.0612442189999897,0.0717825620000017,0.0793423069999776,-0.388497660000012,
0.0905418219999833,0.101350767999996,0.106848219999978,0.0906761189999484,-0.376071823000032,
0.103418064000012,0.0663475800000188,0.08895092600002,0.0929653029999904,-0.395048426999979,
0.104910120999993,0.0749866210000018,0.0909575880000025,0.103758601000017,-0.378542528000012,
0.083430229000021,0.107122497999988,0.0879579259999819,0.0818255900000077,-0.476368137000008,
0.0968720199999743,0.0953407449999931,0.0924173589999864,0.0855911559999768,-0.460447932000011,
0.0525380180000006,0.0873237159999558,0.0750311259999776,0.0956289519999973,-0.406527786999967,
0.0782173049999824,0.0855639550000096,0.0955875079999914,0.0842872009999837,-0.398773849000025,
0.0724349310000043,0.103956291000037,0.0763226779999986,0.0606449079999857,-0.382289989000024,
0.100567008000022,0.10042701,0.0754424299999719,0.101060280999962,-0.393391418999986,
0.0892784800000327,0.0883021849999827,0.0703114610000107,0.0703114610000107,-0.361946301999997,
0.0858372710000185,0.104119656999983,0.068794093999968,0.0838885269999728,-0.40944182399996,
0.105911374000019,0.103193478999985,0.0790027110000142,0.0899876879999601,-0.398285376999963,
0.0844368350000359,0.0967911099999865,0.0910178500000179,0.10248471300001,-0.386194125000043,
0.0889967290000054,0.0997054680000188,0.0953827039999969,0.0895107300000222,-0.392654924999999,
0.0880842509999707,0.11652088900001,0.0845121130000048,0.113939843999979,-0.419449985999963,
0.0825356030000326,0.076747700999987,0.0958849890000224,0.0834075159999984,-0.391267608000016,
0.0964449959999742,0.0689411499999987,0.102668716000026,0.0895909209999968,-0.386090577000005,
0.0612189470000262,0.101686966000006,0.096332196000003,0.0889385470000057,-0.341863837999999,
0.107205277000009,0.102164016999987,0.0923492250000436,0.0936906869999903,-0.423863476999968,
0.0932178779999808,0.0831003459999647,0.0774454600000149,0.0738010140000279,-0.381607697999993,
0.0889336600000047,0.0810538510000424,0.0810538510000424,0.0932912229999979,-0.44450725199999,
0.0664650699999656,0.0737605329999942,0.0897876100000412,0.0690479920000103,-0.365583332000029,
0.0798285210000313,0.0705295799999935,0.075015933000037,0.0546805130000012,-0.369367583999954,
0.113666399000007,0.0836932059999981,0.119345343000009,0.11108192800003,-0.389726544999975,
0.105450458000016,0.0908954390000031,0.0845337439999839,0.0984576099999795,-0.372109921000017,
0.109137223999975,0.120481540999971,0.0923145030000096,0.0914602569999915,-0.372510510999988,
0.0668104259999636,0.0681093890000207,0.0583223729999822,0.0680876530000014,-0.338470071000011,
0.0903490370000454,0.0918687899999941,0.103128013999982,0.11451156100002,-0.429450523999984,
0.10643955400007,0.098175297999996,0.0647147979999809,0.0740365789999878,-0.396478595999981,
0.087742428999964,0.081000606000016,0.0745701119999685,0.0757195629999787,-0.336969646000001,
0.0627888679999924,0.0698264820000177,0.101335844000038,0.0711408709999801,-0.427147628000018,
0.0890144840000003,0.0666046149999761,0.0894443929999966,0.0604765659999835,-0.349925051000021,
0.0940317819999791,0.101997311999995,0.0880003879999917,0.091166374999983,-0.430677307999988,
0.0702591480000001,0.0734129920000169,0.0949015720000202,0.0719642379999732,-0.378079586999995,
0.0598574440000198,0.106042866999996,0.106042866999996,0.0679307509999926,-0.41615833700001,
0.111103579000021,0.0846348109999917,0.113897443000004,0.0549588230000122,-0.436513844999993,
0.118069509000024,0.0845313150000297,0.0853652260000117,0.0736550659999907,-0.390606686000026,
0.0783417069999882,0.0764624980000008,0.0617712310000024,0.0716811760000232,-0.345870380999974,
0.0896056909999729,0.0807993070000161,0.0917544530000205,0.107251170000041,-0.380224198999969,
0.102103310000015,0.0725546019999701,0.107367192999967,0.0811161090000101,-0.415704218999994,
0.0887132670000283,0.0856941949999841,0.0582575890000094,0.0954561830000198,-0.384664217999969,
0.0979103000000136,0.0903146739999929,0.0970740460000074,0.0751786689999981,-0.37973519399999,
0.0837405120000603,0.121734866,0.10062035100001,0.101549212999993,-0.388865135999983,
0.0989948779999959,0.0898411450000035,0.098283818999992,0.0889727629999707,-0.43661352099999,
0.0907159410000031,0.091355106999978,0.0834213169999743,0.0776171710000358,-0.359780587999976,
0.081332216000043,0.0663210049999748,0.0842890759999818,0.0872254010000183,-0.380212101000029,
0.0728362490000309,0.105839567999983,0.0983651070000064,0.0920872509999895,-0.376831156999976,
0.0830074520000112,0.0825477530000226,0.07579712899999,0.0919537220000016,-0.357160712999998,
0.0665723379999795,0.086341107000002,0.071389584999984,0.0839434400000455,-0.369289306000019,
0.0588111640000029,0.112846955999989,0.0784687530000369,0.0932500520000158,-0.379781023000004,
0.0905885579999785,0.0940741560000019,0.107117144000024,0.105906664000005,-0.34333962900002,
0.0792391400000356,0.0928072840000023,0.110409618000013,0.0772828780000218,-0.374758603999976,
0.10125459500003,0.0898918350000258,0.0893744949999732,0.122376409999999,-0.414050755000001,
0.10291989900003,0.0866634089999902,0.0814599710000084,0.086994288000024,-0.408684967000016,
0.0619250370000095,0.0963239809999905,0.0780174809999685,0.0910598810000192,-0.401065384999996,
0.0843094429999987,0.0887120930000256,0.0819900629999756,0.0783452580000126,-0.370759691999957,
0.086097212000036,0.0817153010000043,0.111208409000023,0.0803910979999973,-0.408403197000023,
0.0727519579999876,0.090296334000006,0.0893829670000055,0.109509756000006,-0.383477889000029,
0.078362551000017,0.11144961099999,0.0779420679999944,0.0931247360000248,-0.377074028000027,
0.0987292939999898,0.0858088660000217,0.0726887499999675,0.0729706089999968,-0.355002375000046,
0.0730649179999455,0.0915204459999991,0.0940058730000078,0.0808835060000083,-0.367466427000008,
0.0849657920000345,0.0727378580000141,0.0861489130000191,0.104822346999987,-0.378984762999994,
0.0902632410000169,0.0783701189999983,0.0775554719999664,0.101125968000046,-0.339232461999995,
0.101930207999982,0.0979102510000066,0.0979102510000066,0.0868986700000155,-0.387852604000006,
0.0573122090000033,0.0841671019999517,0.0795206649999818,0.0774988760000169,-0.316444138999992,
0.0651065910000166,0.084464908000014,0.057843949999984,0.0677374220000215,-0.341004999999981,
0.0624271879999792,0.0738422220000334,0.0770360110000152,0.0839695289999913,-0.375651905000037,
0.0997545459999869,0.101393197000026,0.0908212030000245,0.0698109740000118,-0.361575982000009,
0.0896481069999968,0.0747097030000268,0.0841608010000173,0.0885173389999918,-0.406944530999999,
0.0893114290000271,0.0705705550000266,0.103303515000012,0.0869891790000288,-0.409888677000015,
0.0933638560000154,0.077592465000032,0.0827373540000294,0.0758301070000007,-0.372002882999987,
0.0696724819999977,0.0669164720000267,0.0665393639999697,0.0601525429999956,-0.41643948700003,
0.0902625949999783,0.0985074209999889,0.0732658380000075,0.103481131999965,-0.441808534999956,
0.0928628399999852,0.0962639029999877,0.0839859390000206,0.0973284519999906,-0.352302250999985,
0.0650403810000157,0.0742705500000184,0.0615372280000133,0.0783276759999721,-0.389699854000009,
0.0771657700000137,0.0695611109999877,0.0574744650000057,0.0878832090000142,-0.370743048999951,
0.0797370609999984,0.0768159330000153,0.091131744000038,0.0942448289999911,-0.384733387999986,
0.064397309000005,0.086101085999996,0.0898453380000015,0.0707639489999933,-0.368145891999975,
0.0810314910000056,0.109714969000011,0.069783529000018,0.110937145000025,-0.341986132000021,
0.0835927390000029,0.107414749000016,0.112831272000019,0.0902119010000079,-0.38361464400001,
0.0713283450000199,0.108947269999982,0.0795591819999677,0.100558889999996,-0.398350886000015,
0.0839706480000041,0.0682963230000337,0.102331790999974,0.114744698999996,-0.380270362999993,
0.0781706639999948,0.0814160770000194,0.101296888000043,0.116456649000016,-0.448904979000009,
0.102350946000016,0.0995973159999826,0.0811464380000107,0.0607522419999937,-0.415166398000022,
0.0837415570000035,0.102486562999984,0.0882852609999904,0.0799324370000318,-0.369751324999976,
0.0749255719999978,0.0881139089999692,0.0763963169999975,0.0832479000000349,-0.394860562000014,
0.0939079779999997,0.0837768560000095,0.090686803999999,0.0599651289999924,-0.374865844000021,
0.0552101349999853,0.0903081159999765,0.0660811560000184,0.0691782549999921,-0.356078819000034,
0.0629564289999807,0.0684991440000076,0.0768142049999828,0.0724254070000175,-0.342328778000009,
0.085480946000007,0.0909997029999781,0.0993655290000406,0.10142058999999,-0.384184811000034,
0.0829108949999872,0.0884508280000141,0.0957222000000274,0.0874985400000087,-0.415352220999986,
0.086105347999995,0.114322267000029,0.115031965000033,0.0647474659999575,-0.405759032000013,
0.0906945860000351,0.108554641999957,0.0685291070000067,0.0759983229999725,-0.391717343000011,
0.0962391990000415,0.0881472830000157,0.0935255790000215,0.0906483859999953,-0.388966543000051,
0.100582867000004,0.0794473239999816,0.0943983470000107,0.0878097579999999,-0.475743952999999,
0.0698056590000151,0.0726334780000134,0.10359129899999,0.0596019870000332,-0.416223865999984,
0.0851467860000216,0.0619449809999965,0.0868697920000454,0.085362134999993,-0.341911591999988,
0.0762071350000115,0.115204860999997,0.0907576140000006,0.104523153999993,-0.445875952000014,
0.0657696030000202,0.118147915999979,0.0813776809999877,0.0954855939999784,-0.368959392000003,
0.0759870040000487,0.092517807999981,0.108613722999997,0.0806029660000322,-0.381138071000014,
0.0844979019999914,0.0896021800000208,0.0807222599999868,0.0669931720000281,-0.364624263000006,
0.125624865000007,0.0956302379999988,0.116361077000032,0.0907822209999822,-0.389929749999969,
0.0992975070000075,0.103821408999954,0.120162042999995,0.10639811399999,-0.448371615000015,
0.119560275000015,0.108095012999988,0.0679125260000028,0.116221978999992,-0.431375070000026,
0.0756443269999986,0.0636876050000155,0.0904448959999936,0.0915388709999938,-0.30875486000003,
0.104730006000003,0.110475047000025,0.0983642309999855,0.100273937000001,-0.372246280000009,
0.100007321000003,0.0915517310000491,0.0882994279999975,0.069894810999986,-0.381408019000031,
0.080555798000039,0.082986233000021,0.0894010779999981,0.0723669469999454,-0.399322410999975,
0.0922280960000062,0.0815660259999654,0.0985709379999876,0.0826196959999561,-0.342632917000014,
0.08681344699996,0.0588247739999929,0.101686613999993,0.114231728999995,-0.394978088999995,
0.0685423319999863,0.0871837689999988,0.0774344639999731,0.0773655069999913,-0.410554970000025,
0.0878610939999762,0.11326916499997,0.117416280999991,0.110467461000009,-0.372009524999986,
0.108065258000007,0.0685281599999757,0.0930371929999792,0.0840569140000089,-0.422606354000002,
0.0806018470000013,0.0935749800000185,0.075898840000033,0.0665451469999857,-0.41473336099998,
0.109586657999994,0.11563215,0.0870696959999818,0.0922219250000071,-0.424469299000005,
0.0810851169999905,0.067314334999995,0.104528285000011,0.0908826429999722,-0.422362958000014,
0.0899259770000267,0.0772814200000162,0.0916750189999998,0.0782610789999658,-0.35059008899999,
0.0958327089999984,0.0525176080000233,0.0651496350000052,0.0637303759999941,-0.395711127999999,
0.0875988039999575,0.0781449640000123,0.112518509999985,0.0934964140000038,-0.381406097000018,
0.0864069339999833,0.0684892380000078,0.0684892380000078,0.0765073089999978,-0.440341859999983,
0.121303414999998,0.0949828340000286,0.0937769170000333,0.107008108999979,-0.338821987999999,
0.0726723219999849,0.067186795999979,0.0759903439999571,0.0897291020000325,-0.395402402999994,
0.0901104259999979,0.0910131080000056,0.0801618959999841,0.0876752970000352,-0.437541014999994,
0.103602925000023,0.0754135069999738,0.103602925000023,0.0709592820000116,-0.373386661000022,
0.0824696159999639,0.100114332999995,0.115443141999973,0.109537928000029,-0.410194542999973,
0.0909065340000248,0.113610230000033,0.099846289999974,0.0652111559999753,-0.40485184499997,
0.102799344999983,0.0778477419999972,0.12568837000001,0.115547421000012,-0.406175791000026,
0.0868883909999918,0.101210156999985,0.0941022790000088,0.0764118869999829,-0.372643377999982,
0.0654420800000275,0.0801303899999566,0.0687935400000092,0.0854335400000154,-0.383178821999999,
0.109406033999986,0.0770815190000067,0.0750415650000218,0.0723208660000068,-0.408699024999964,
0.0618316590000004,0.0876284420000056,0.0941864790000068,0.0960878409999896,-0.399260712000016,
0.0821741749999705,0.0667519579999712,0.0794699100000289,0.0777608670000132,-0.358273140999971,
0.100878822999995,0.0730361070000254,0.0730361070000254,0.0798206450000057,-0.418280584999992,
0.0970517400000144,0.0925238490000138,0.0861538100000048,0.0996589059999869,-0.38431212000002,
0.0844930220000124,0.0823038079999956,0.0736098309999898,0.0857899380000249,-0.34595695199999,
0.087123246000006,0.0726872100000091,0.0965447990000248,0.0983210399999834,-0.399574302000067,
0.0786887530000217,0.103088886000013,0.0757055079999609,0.0820708930000187,-0.383722300000003,
0.0737966770000025,0.0630340200000201,0.0707772139999547,0.0773348150000224,-0.465729066000004,
0.101357319999986,0.0707989049999783,0.093099050999982,0.106228493999995,-0.38265871899997,
0.0760274639999975,0.0821206949999901,0.0842005150000286,0.0705932910000047,-0.390343824999989,
0.092595649000009,0.0994029849999888,0.0780366430000245,0.099019828000005,-0.420065056999981,
0.0712513240000112,0.0869405269999811,0.0740723969999899,0.0765647929999554,-0.370756162999993,
0.0725969010000181,0.0880742500000078,0.107657868000001,0.122040053999999,-0.363621446999975,
0.0712270290000047,0.073863008999976,0.0867681909999724,0.0832830650000351,-0.404712061999997,
0.0947343820000242,0.0858361209999994,0.0807481470000184,0.0641295139999993,-0.410384586000019,
0.109254753000037,0.134068348999965,0.079020692000061,0.0926149020000125,-0.467824538999976,
0.0764782219999875,0.0924304700000025,0.0833697830000197,0.0930227540000087,-0.414581226999992,
0.0687718159999863,0.0733994439999969,0.0832128340000008,0.0734134800000393,-0.357679491000031,
0.0819563570000014,0.0873105189999742,0.0844277039999943,0.0765178510000233,-0.392012318999979,
0.105856986999995,0.082735431000026,0.0897521909999937,0.0834504919999977,-0.371303313999994,
0.0849994630000165,0.08988764700001,0.115615688999992,0.0848421560000052,-0.416447805000013,
0.0766145389999788,0.0716784210000123,0.109453702999999,0.0873778460000367,-0.366065033000018,
0.0965899270000255,0.0816256359999975,0.0779275250000182,0.0618504350000439,-0.377119679999981,
0.0758361479999489,0.080072533,0.0806779360000478,0.0948016129999855,-0.350502718999979,
0.0720217589999866,0.0949670150000138,0.0685134789999797,0.106619149999967,-0.355032650999987,
0.0906785460000547,0.0880208939999961,0.0734784620000014,0.0873723110000046,-0.414254932000014,
0.0863056720000027,0.0914049500000219,0.0782769519999929,0.0858258220000121,-0.451549733999989,
