0.0820593669999757,0.0754668489999844,0.112610354000005,0.117592392000006,-0.184724531000048,
0.0821324899999809,0.10035464399999,0.0938763499999845,0.0653188259999843,-0.201823212000038,
0.117795234999985,0.107574499999978,0.0978944909999864,0.0926147089999863,-0.188734120000002,
0.108876572000017,0.0648029899999965,0.0889449730000224,0.0845566930000368,-0.203143794999994,
0.0926715580000282,0.0721704660000128,0.105617417000007,0.0969398559999754,-0.19935664300001,
0.0700426950000224,0.0919694939999813,0.0768817800000306,0.10823358099998,-0.190289252999996,
0.0838276729999829,0.0576890990000065,0.0961718170000363,0.0941186850000286,-0.222148168000012,
0.0752058860000202,0.0910187230000101,0.103047621000024,0.0899935289999926,-0.159342932000054,
0.0814224469999936,0.0830839139999803,0.0801296709999988,0.0712398119999834,-0.192251874000005,
0.0861103890000013,0.0826214710000304,0.0726508380000109,0.0960971370000093,-0.212639654999999,
0.0939290870000013,0.0845667119999971,0.108001587000019,0.0876122030000092,-0.200073302,
0.101702198999962,0.0712002359999678,0.06672880299997,0.0888772340000155,-0.200316027000005,
0.0756619359999881,0.0868039929999813,0.0815521040000044,0.0916036279999939,-0.226921618000022,
0.0807866630000171,0.0874602329999589,0.105218657999987,0.0952594910000175,-0.162994845000032,
0.0956903670000579,0.106029125999984,0.087902421999996,0.118931506000005,-0.178705794999989,
0.0883262529999788,0.086343587999997,0.071995758999969,0.0842365770000133,-0.196641491999978,
0.0750997320000056,0.0969055799999928,0.0876137139999669,0.0863170540000192,-0.227251787999988,
0.0857750940000042,0.0854587440000259,0.0982365230000255,0.0820685060000005,-0.206713050999973,
0.108730311999976,0.0892446829999999,0.0963879080000315,0.088591295999996,-0.194151198999976,
0.0940343709999615,0.103811491000028,0.103215839999954,0.106618527000033,-0.176006488999974,
0.0876172510000356,0.110549119999978,0.0892705579999956,0.0937990720000121,-0.196459708999965,
0.0943899459999784,0.0960458220000278,0.0946129159999964,0.0833616359999951,-0.206300687999978,
0.0873563040000213,0.0950279169999826,0.0983196599999737,0.113773826999979,-0.211031011000012,
0.101858951999975,0.114550290999985,0.0921705249999663,0.0879318069999608,-0.225020963999995,
0.0781877669999785,0.0703366849999898,0.0782458680000091,0.0926527099999744,-0.219698192000009,
0.0778494479999936,0.0875989009999935,0.0904631840000402,0.0992055500000301,-0.195142816000002,
0.0916617020000094,0.06823775600001,0.0961102859999983,0.0908358939999607,-0.205618798999976,
0.119805742000003,0.0900528229999827,0.0672266889999946,0.103950062000023,-0.192296374000002,
0.101165705999993,0.0858254349999797,0.0774597000000345,0.074109983000013,-0.204519714999999,
0.0801293910000441,0.0865597400000115,0.0929485090000289,0.0771285659999976,-0.170581135999999,
0.0871746990000102,0.0837026490000185,0.0745881780000263,0.0928510050000223,-0.197392163999999,
0.0919849210000234,0.0839961099999882,0.0963530220000089,0.111683600999975,-0.17602337799995,
0.106768537999985,0.0913825490000031,0.0875280470000075,0.106029736999974,-0.175942002999984,
0.0982296630000042,0.0858509780000186,0.0888008410000116,0.0903220249999963,-0.218748259000016,
0.0800692370000115,0.0997543900000455,0.093658412000018,0.0878044070000014,-0.199931159999996,
0.0689375579999632,0.0901989909999788,0.111630730999995,0.0614013320000167,-0.182196395000007,
0.0882350189999652,0.0878679389999475,0.0920160159999837,0.0839947810000299,-0.177131808000026,
0.10629044699999,0.112357768999968,0.0821318310000047,0.0979558480000205,-0.200442588000002,
0.088503753999998,0.0895388930000427,0.0817112359999733,0.107728318000015,-0.211397279999984,
0.101324470999998,0.0943139599999959,0.119781218999988,0.0967882220000001,-0.199118133000009,
0.0617847279999764,0.0880366790000117,0.0886770509999778,0.0942695179999955,-0.160497732,
0.0662737879999891,0.0658277409999873,0.0860640909999925,0.0833354650000292,-0.18968942499998,
0.0944725239999948,0.0949404699999823,0.0914215700000073,0.0744007309999402,-0.193373287000004,
0.110067839000021,0.0878459340000008,0.0602835910000226,0.102112300999988,-0.198816246999995,
0.0825016649999902,0.0668491149999845,0.0971229250000074,0.0734612839999845,-0.19647819999998,
0.0871718640000086,0.095739224000004,0.0976197900000056,0.0748201589999867,-0.180168059000013,
0.106563277000017,0.0883947699999803,0.0803635759999888,0.0874802519999744,-0.165252413000024,
0.0780110130000089,0.0593611360000391,0.0850114350000254,0.100639549,-0.159075923999982,
0.104031334000004,0.0721474239999893,0.0979520809999949,0.0962805359999948,-0.189954968000034,
0.0842323549999901,0.0880826099999781,0.0916393500000509,0.0637571540000454,-0.200684449000009,
0.0977929649999951,0.0858108369999659,0.0722750319999818,0.0795558549999778,-0.177365787,
0.072943376999985,0.0996339440000056,0.0900819249999986,0.0791015829999938,-0.166781935999991,
0.0855042850000068,0.0909342720000259,0.110425475000011,0.0703401740000077,-0.190675045999978,
0.0854878350000058,0.0808137999999681,0.0675271939999743,0.0924331080000129,-0.164923635,
0.0859158919999604,0.0753487020000034,0.0811746439999738,0.0607215629999905,-0.166105955000037,
0.0883765410000074,0.093708054000017,0.0750734469999597,0.0994681250000276,-0.19662446100003,
0.0832679640000133,0.104535036000017,0.0943544530000163,0.0997863060000177,-0.23035066000001,
0.0677768329999994,0.0872106360000112,0.0756723760000013,0.0774600429999923,-0.176960907999984,
0.0809521929999546,0.0891029069999768,0.0803765619999663,0.0881862070000002,-0.215439415000007,
0.0900043960000066,0.106076074000014,0.0766646939999955,0.0636973400000088,-0.223977906000013,
0.0852835209999962,0.0770906700000342,0.0811180680000089,0.0787533770000077,-0.193121241000009,
0.100607869000003,0.0823053170000089,0.0981869479999664,0.0817536729999879,-0.199003646999947,
0.0941611119999961,0.104087279000004,0.086315183999996,0.0865365760000132,-0.222752938000001,
0.0816041699999932,0.0844117010000045,0.0939699979999782,0.0732043119999848,-0.204211412,
0.0924093419999931,0.108967095999995,0.0880938989999754,0.0816275570000212,-0.218099094000001,
0.0902259280000253,0.0843328290000222,0.0694074550000128,0.0867904410000251,-0.173132774000017,
0.067549757000003,0.120023511999975,0.0702561440000136,0.0693465609999548,-0.182721948999998,
0.0780914600000192,0.0913788549999786,0.073542427999982,0.107889431999994,-0.201188390000031,
0.0793223019999737,0.0948085719999904,0.0835724789999749,0.0985947120000092,-0.159288128000041,
0.0950870669999754,0.0826760750000153,0.0817029720000078,0.0954304480000173,-0.232168082000016,
0.122379135000016,0.083885223999996,0.064118274000024,0.0948632880000355,-0.184771712999995,
0.0757387080000476,0.0823464490000079,0.0935427669999758,0.0948572430000022,-0.181296584999986,
0.08050624900002,0.0961735109999695,0.104834632999994,0.0827698909999981,-0.216527878000005,
0.0812148229999843,0.0741464930000197,0.127987014999981,0.103718570999962,-0.174812951000001,
0.0794215330000161,0.103683507999972,0.0959433689999828,0.0780288719999958,-0.182516898000017,
0.0922162320000061,0.0800689549999888,0.0952616629999543,0.0838168960000062,-0.208621326000012,
0.0653853779999859,0.0939673370000064,0.100971882999963,0.0848151119999834,-0.214332591000002,
0.10670132100002,0.0932332430000001,0.0756606790000055,0.101876738999979,-0.21368273099999,
0.0928524669999815,0.0887401750000072,0.0936716500000089,0.105804711000008,-0.204171064000067,
0.0837298480000049,0.0960480849999803,0.104130190000025,0.0877518839999752,-0.192836709999997,
0.0791633990000237,0.108863988000027,0.0698778539999898,0.0668249690000102,-0.189353968000024,
0.0877335539999744,0.0885419800000286,0.0822770709999645,0.0672508850000145,-0.177520076000023,
0.0758210419999809,0.0787989390000012,0.0663507999999706,0.11078439700001,-0.159256637999953,
0.0807632459999786,0.088907893000021,0.0919919010000058,0.0958853099999842,-0.184178769999993,
0.0653667180000193,0.0941509379999829,0.0820483079999763,0.0800586900000344,-0.180412232000051,
0.0938073020000388,0.0916013410000128,0.106389808000012,0.0916013410000128,-0.174306775999983,
0.0921731519999998,0.0789153769999698,0.0955561699999844,0.0672054830000102,-0.196871118000006,
0.0691945139999502,0.0910505360000116,0.0830558859999965,0.0836753199999948,-0.171111237000008,
0.0669861109999943,0.0880318129999996,0.0802270500000186,0.0812199349999755,-0.213132055000007,
0.0947061339999905,0.0742311179999901,0.0999136700000085,0.0871775670000147,-0.224260412000007,
0.0637570170000031,0.080617920999995,0.121460609999966,0.0882041360000285,-0.149223836000007,
0.0945933810000211,0.085250650000004,0.0548497279999701,0.10336593500001,-0.213591048000031,
0.0800493490000122,0.0824943520000206,0.0682041900000186,0.0741038069999836,-0.216394488000025,
0.107582927999965,0.0707783109999668,0.0978144829999728,0.0969927130000215,-0.218695568000046,
0.0921645239999793,0.0851700889999811,0.095605296999991,0.100078907999969,-0.180966330000046,
0.100644927999995,0.0593239399999848,0.0967841079999876,0.0817070939999912,-0.179934775000013,
0.103311856999974,0.0946611859999948,0.0825098719999933,0.0774826630000116,-0.165274203999975,
0.0806249840000187,0.0718853319999594,0.081121537999973,0.0775357110000036,-0.182298688999983,
0.0748924179999981,0.069209153000018,0.0847839129999966,0.122419784000019,-0.228874279999985,
0.0774825789999973,0.0760513119999919,0.0744134839999888,0.106790021000011,-0.220916846000026,
0.0757379069999979,0.0808036599999946,0.0761041519999953,0.0943550179999997,-0.181487365000002,
0.0849023300000172,0.104788401999972,0.0715340359999796,0.0858545899999631,-0.217665047999988,
0.107426318000045,0.0880700900000129,0.0975338719999963,0.0910498719999723,-0.202691099000001,
0.0696485259999918,0.0741218620000268,0.105225743999994,0.0836079679999934,-0.202101373000012,
0.0820458589999848,0.0873294300000589,0.0986870070000077,0.0676744680000302,-0.244957993000025,
0.0639459899999897,0.0610329779999756,0.0857586100000199,0.0854968919999978,-0.200713863999968,
0.0843934400000021,0.0907713750000098,0.089007468000033,0.119538726000005,-0.198359901000023,
0.106693888999972,0.0870981970000075,0.0970635289999982,0.0780131350000097,-0.187154830999993,
0.0806449710000079,0.077372992000026,0.0859969050000086,0.0986284269999837,-0.22004188900002,
0.0879829579999837,0.0935400669999794,0.0763561149999814,0.0698067060000044,-0.18607108000005,
0.0875789579999992,0.0858648690000041,0.086240520999992,0.0846921760000046,-0.239905890999976,
0.104945192999968,0.0965708429999722,0.0923732269999878,0.0705791909999807,-0.224748256999971,
0.0774336720000024,0.0747328229999912,0.0859388969999541,0.0805473070000462,-0.201777559000034,
0.0933099439999787,0.100423989000007,0.086479525999986,0.0913462269999918,-0.172248286999984,
0.0844269280000258,0.0683997559999934,0.10232706699997,0.0892498020000003,-0.207077869000019,
0.0950708319999881,0.0850249040000049,0.0867866239999885,0.083868229000012,-0.216372461000003,
0.0828926320000023,0.067138007999984,0.0815766949999647,0.0840904640000226,-0.221072473999984,
0.0784221940000216,0.0513115629999984,0.0694564270000005,0.0707352930000052,-0.13416157300001,
0.0823672030000403,0.0936764720000074,0.0692953080000125,0.0765546399999671,-0.198657759999995,
0.0794967319999764,0.0876129110000215,0.105547332,0.0876129110000215,-0.208345129000018,
0.0641956749999886,0.0924116779999936,0.102202340999991,0.10261552800002,-0.227816125000015,
0.0905768200000225,0.0864533710000242,0.0699441960000249,0.072378227999985,-0.133233647000018,
0.0801846240000455,0.0693618229999784,0.101190259999981,0.0928217979999854,-0.20175194999999,
0.0878778190000366,0.0940953300000347,0.0677832449999846,0.107290832999959,-0.190115070000008,
0.0873052079999666,0.0920973480000257,0.0845816760000166,0.0876219299999602,-0.225838655999977,
0.107817262,0.0914366499999919,0.0863059149999899,0.0937425180000087,-0.197598856999974,
0.0901348489999773,0.0869009019999867,0.0768768939999873,0.0923171970000135,-0.17576323000003,
0.0962144209999897,0.0989493459999908,0.0814679400000109,0.106799677999978,-0.229461628999995,
0.113578450999987,0.0765589169999989,0.0985612640000027,0.104554690999985,-0.171801722999972,
0.0910415189999853,0.0982264159999768,0.103106922999993,0.0938306790000133,-0.167959799999984,
0.108630056999979,0.0749666590000374,0.0919538750000065,0.08237697999999,-0.183231108000039,
0.113017604000003,0.0695749320000027,0.0976057119999846,0.088584340000044,-0.221702432999987,
0.0726342909999826,0.0932413839999685,0.0661278949999705,0.100745230000025,-0.165594101999994,
0.0823976769999895,0.0906508349999663,0.0829478899999854,0.0800737479999953,-0.174235708000041,
0.0703292720000163,0.100587327999998,0.0983900200000148,0.0802023829999653,-0.161847403000028,
0.0855110020000111,0.0742738039999617,0.0910728569999933,0.0804765120000097,-0.158278964000002,
0.076226613000038,0.0819393519999903,0.0715931479999945,0.0944251439999862,-0.175019422999978,
0.0837362459999813,0.070834885000012,0.0774248599999883,0.0879812419999871,-0.144243087999983,
0.0802703540000434,0.0664978730000021,0.089760395000013,0.0741198000000077,-0.184998408000014,
0.101205662000012,0.0890037050000096,0.0890037050000096,0.0766579299999967,-0.203569907000005,
0.0952083909999833,0.0787740850000091,0.0737270670000362,0.0924560820000065,-0.191019709,
0.10036901299998,0.0843338979999785,0.0787868829999816,0.0858207900000157,-0.184660613999983,
0.0838180470000311,0.0914579179999828,0.0910326560000049,0.0893863919999999,-0.189891250000015,
0.0876372700000288,0.0700786169999878,0.0782504880000179,0.0731056820000094,-0.19164536199997,
0.100165998000026,0.101741233000012,0.0633741859999727,0.0874580969999633,-0.211506991000006,
0.0752407169999883,0.0743725460000187,0.0849061380000203,0.0576974230000242,-0.195456967999995,
0.0799134110000086,0.0695314180000237,0.110935758000008,0.0750040379999846,-0.204054097000043,
0.0695099760000153,0.0937038229999766,0.0828539480000054,0.0890876500000377,-0.224373301999993,
0.0951299050000057,0.0971300000000028,0.0779082239999907,0.0874052239999837,-0.187946500000017,
0.0986394959999589,0.0932799629999618,0.0983318360000012,0.0770761259999886,-0.187528704999965,
0.0851222670000257,0.101730144999965,0.0907671290000094,0.0916393900000094,-0.214766114999996,
0.0963934380000092,0.0879647260000152,0.0584730930000237,0.0666636419999859,-0.193464102000019,
0.0940115559999799,0.0888939319999745,0.095761472000012,0.117093406999988,-0.223191976000005,
0.0784365810000018,0.0800522950000331,0.0635650739999974,0.0822868659999872,-0.198149791000027,
0.0806146949999738,0.070650818999974,0.096025355999966,0.096025355999966,-0.195674184999988,
0.096726095999988,0.107466337999983,0.0906174979999942,0.0872349029999978,-0.210074654000052,
0.0763632870000451,0.0993408170000152,0.116781924999967,0.0901386699999807,-0.182011095999965,
0.093878639999984,0.0742104609999919,0.0772487949999645,0.0961074409999892,-0.183947793999977,
0.0808671130000216,0.0840015589999948,0.0936690230000104,0.0705012009999982,-0.159450445999984,
0.0716718889999956,0.0859850610000076,0.0822083340000067,0.0742485379999621,-0.182228658000005,
0.0751551670000049,0.0867587610000114,0.0872459149999677,0.0742097459999973,-0.234069559000022,
0.0731177500000035,0.0901743259999967,0.0718815270000055,0.0736230449999848,-0.192532764000025,
0.0931920990000349,0.0986247339999954,0.0900035479999729,0.0775368629999675,-0.20916107600003,
0.103101547000018,0.0660167460000025,0.0849762080000214,0.0721445589999862,-0.186506808999969,
0.113939267999981,0.0849041299999994,0.0841260869999828,0.0893770349999977,-0.212622920000031,
0.0674549560000105,0.0736773029999763,0.0768950869999821,0.0695543930000063,-0.196898384000016,
0.0807121630000156,0.077511337999998,0.0762935970000221,0.0952712910000046,-0.219032149999993,
0.10574013099997,0.110341079999987,0.100057720999974,0.0712771049999569,-0.193535717999954,
0.079700593999989,0.112415557000015,0.0755021170000209,0.0915776649999784,-0.236864366000017,
0.0828506799999473,0.0990594359999841,0.117865324999984,0.0939819100000509,-0.211965477999985,
0.0854754440000333,0.0953976290000137,0.106249469000026,0.076536640000028,-0.140238535000021,
0.0902733730000036,0.0758357150000129,0.0721409920000119,0.101569750000027,-0.223102267999991,
0.118947895999963,0.0980788299999749,0.095259908999979,0.090084593999989,-0.195020274000014,
0.0784762610000162,0.0731418599999597,0.0873181209999739,0.06686675899999,-0.196685739999994,
0.0962724629999589,0.0665390540000094,0.0914078490000274,0.0905207639999881,-0.234741863999986,
0.0905648470000165,0.0784283919999843,0.0853819999999937,0.099738424000001,-0.206980464000044,
0.0929067219999861,0.0668174070000068,0.0657822850000148,0.0658583309999913,-0.179525353999979,
0.0647987690000291,0.0975631620000181,0.0981460859999556,0.10636504000004,-0.201644430000005,
0.0768913550000311,0.0760579070000367,0.0819610000000034,0.10031776400004,-0.260350399000008,
0.0553985050000251,0.104375381000022,0.0569823519999918,0.0954718929999895,-0.14234857099999,
0.0822689939999905,0.0725104540000266,0.08466125899999,0.0757059059999992,-0.179138257000048,
0.0756940969999741,0.0828130140000089,0.106457224000027,0.0777747839999838,-0.189120346000022,
0.110979815000008,0.0665105339999764,0.081667386999995,0.0915587100000171,-0.210633455000006,
0.112671560000034,0.112411828999975,0.0881104959999657,0.0986862000000042,-0.201067678000011,
0.097474371000013,0.0912069070000125,0.0894332869999848,0.0791695000000127,-0.181068334000033,
0.0848433660000046,0.0751280069999875,0.0988653220000037,0.0993394290000178,-0.188345523999998,
0.0674980569999852,0.0739428430000098,0.0809651359999943,0.0782752010000058,-0.185639907000027,
0.0842359589999974,0.075798965000009,0.0818190859999777,0.0745322229999906,-0.179683325000026,
0.105662085999963,0.0987902230000031,0.0850204450000274,0.0780072949999958,-0.243560791999971,
0.117966121999974,0.0887929440000162,0.0743936300000346,0.104149789999999,-0.198584990000035,
0.0925480069999962,0.0785858690000123,0.0728730580000124,0.0616280679999945,-0.173651973999995,
0.0838109839999925,0.119376885000027,0.0903640450000189,0.0907046139999993,-0.191889984000034,
0.0749256499999947,0.0954103059999816,0.0626015109999689,0.0918788140000115,-0.22252823599996,
0.102246314999968,0.0926193850000095,0.0966776039999863,0.0805755829999821,-0.172822861999976,
0.0858443620000271,0.0671940369999838,0.100686601000003,0.120678969000007,-0.236129678999986,
0.0920441079999832,0.0787313779999658,0.0834837429999875,0.0826013480000415,-0.214282230000024,
0.124110114999973,0.0734775399999644,0.085480505999974,0.0946315669999958,-0.196314667,
0.0872940250000161,0.080049048000024,0.0816982459999726,0.100097178000005,-0.214388545999983,
0.0796395960000091,0.0987081680000624,0.078121265999961,0.0855051070000168,-0.206890734000002,
0.0811733850000028,0.0895681450000256,0.074304692999985,0.122893295000027,-0.211072483999994,
0.0990109309999907,0.0709469419999859,0.0955365960000295,0.0754123530000156,-0.208600917000031,
0.103454906999976,0.0699370949999607,0.0814365560000183,0.0758291910000262,-0.165056112999941,
0.0962138329999839,0.101626156000011,0.102929760000039,0.100870997999963,-0.258652408000002,
0.0774457569999881,0.0881617099999753,0.124411949000039,0.0873691900000044,-0.192198901999957,
0.114927110999997,0.0834122520000337,0.0687407349999958,0.0831126739999968,-0.18322889500002,
0.113991734999974,0.0998266460000186,0.0773291219999974,0.0936480889999712,-0.160323749999995,
0.0753332019999611,0.0948816719999541,0.0945437799999986,0.0729192159999848,-0.20715897200002,
0.0873815389999886,0.106578466999978,0.0873815389999886,0.0860152139999986,-0.191317074999993,
0.0741015539999817,0.0538588379999965,0.0731812400000108,0.0666660459999753,-0.195662169000031,
0.0830393420000264,0.11261991600002,0.0820688709999927,0.0951619439999827,-0.204060321999977,
0.115558865999973,0.10344949800002,0.109707894000008,0.076944530000018,-0.182286043000019,
0.0673485179999989,0.0832088350000035,0.078816763999987,0.0945270460000088,-0.215796927000032,
0.0925203629999828,0.0867084619999655,0.0778680949999807,0.101172615000014,-0.204493413999977,
0.0879336509999989,0.0732890999999986,0.0636679169999811,0.0809058119999972,-0.16610730399999,
0.0717727749999599,0.0772683340000144,0.06569169099999,0.0660783909999923,-0.164691114999982,
0.0837153519999792,0.0784158289999973,0.0559850350000161,0.0788505089999821,-0.168709468000009,
0.0858320340000259,0.121799797999979,0.0754931710000146,0.103312691000001,-0.22046225000001,
0.0822754320000204,0.0988202149999788,0.081477662000013,0.0877940889999836,-0.252867640000027,
0.086944769999976,0.0724490030000052,0.113985733000003,0.0773161430000232,-0.240394274999991,
0.119368625000001,0.101558174000004,0.102664983999976,0.0997104719999734,-0.222440819000002,
0.0932719380000212,0.0809006100000142,0.0767377850000121,0.0960500110000007,-0.183277596999971,
0.0771665149999699,0.0822669209999754,0.0778633119999931,0.104755733999975,-0.191398630000003,
0.0910431879999728,0.0986620439999833,0.0980002679999589,0.0564257129999964,-0.191730092000033,
0.0876667430000248,0.0862124980000276,0.0917135020000569,0.0970877609999798,-0.187932154000037,
0.0868922379999817,0.0763715070000199,0.0881926040000194,0.0904593460000178,-0.251973637999995,
0.0991063430000472,0.109081759,0.0974668810000089,0.0877689130000163,-0.173640732000006,
0.0892482970000269,0.0709870549999737,0.0646296990000042,0.0891140739999969,-0.19342738800002,
0.077078124000006,0.0943580769999821,0.0842073230000206,0.100481504999997,-0.204530921000026,
0.0872611809999789,0.0939394030000362,0.0727561760000326,0.0895832580000078,-0.175645998999968,
0.0893485379999875,0.0904261339999834,0.0706734759999536,0.0926029499999922,-0.169165298000049,
0.0756621489999907,0.0912589359999965,0.0985016089999963,0.0839411530000011,-0.216633328999989,
0.0954058140000002,0.0883994200000193,0.103012521999993,0.0833332440000299,-0.176443526999999,
0.0723005589999962,0.107482075999998,0.0838488189999821,0.0841251019999354,-0.190362978999999,
0.0717341079999992,0.101963244999998,0.0968457500000368,0.0702782480000255,-0.149900394999975,
0.0614581290000033,0.0971182359999843,0.0848935360000009,0.0785813849999909,-0.22108803999998,
0.0875001030000062,0.0930883010000148,0.0677098000000105,0.0812163080000232,-0.231281538999981,
0.0733244020000025,0.0690927689999876,0.0839654900000214,0.0691048119999946,-0.241990669999991,
0.089842564,0.0878146970000043,0.0922267449999781,0.0864466980000143,-0.178861633000023,
0.0945782450000038,0.0797432059999637,0.0734895849999975,0.0840736919999949,-0.164594719999941,
0.0970301280000381,0.0737707000000087,0.0915574130000027,0.0708868759999959,-0.224513731000019,
0.0936636379999827,0.0822826850000069,0.115682182999986,0.0838405129999637,-0.169083493999971,
0.100759189000009,0.10800906999998,0.109572849999969,0.0820139680000016,-0.202723184000027,
0.0968086010000284,0.0781736680000231,0.0771230220000166,0.0874330749999976,-0.165380234999996,
0.102801312999983,0.10378220400002,0.0811866100000061,0.115341769000015,-0.223716514000002,
0.0672350330000063,0.077242136000049,0.109741234000012,0.101508726000007,-0.252039449000028,
0.0842137299999772,0.100836684000005,0.0780988940000248,0.0947460359999836,-0.195138378000001,
0.0644732379999991,0.0624188019999956,0.0867940669999971,0.0894147940000153,-0.173952695999949,
0.0981751619999959,0.0922018029999831,0.0773831529999647,0.0896748370000018,-0.208050315999964,
0.0847227479999883,0.0750050089999863,0.0825363629999847,0.066943483999989,-0.217743533999977,
0.0771375860000117,0.0923548660000042,0.0894954250000283,0.124452434999975,-0.201218148999954,
0.0977747080000067,0.0850911610000258,0.108022152000003,0.0789390480000179,-0.180285951999986,
0.0772266229999896,0.0706855290000153,0.0827672120000048,0.0917043640000234,-0.190237851999991,
0.0923736670000121,0.0750418489999997,0.0718161839999739,0.0734266380000204,-0.197228346999965,
0.0721046179999607,0.083450959000013,0.0931220940000221,0.0723755609999862,-0.200377909000024,
0.089127669999973,0.091561938999982,0.0721268900000337,0.110353885999984,-0.192559585999988,
0.10798512,0.0978555159999764,0.0984984990000098,0.0850888299999956,-0.182425366000005,
0.101261251999978,0.0642150159999874,0.0963507240000031,0.0817931109999959,-0.179541291000028,
0.0995536429999843,0.106304153000048,0.0911741249999518,0.085438637999976,-0.252459114000004,
0.0936203789999927,0.0773315839999682,0.0959563970000072,0.0906638389999794,-0.188726384999997,
0.0951681830000039,0.0895767010000077,0.0819250640000123,0.120566621000008,-0.165657896000011,
0.0639843799999835,0.0792492630000106,0.0995083810000356,0.0727395299999848,-0.187063984999983,
0.0865581690000031,0.0787916480000099,0.123856491000007,0.0953903059999684,-0.232939306999948,
0.0855172100000077,0.114195866999984,0.089025209999993,0.0789303799999948,-0.240782663999985,
0.0799276760000066,0.0900257900000206,0.080360179999996,0.0703566520000268,-0.166174487999956,
0.118865716999946,0.0955887199999697,0.101308258999963,0.0979315239999796,-0.191695323000005,
0.0952139839999982,0.0760549319999973,0.100775537999966,0.0738540119999748,-0.188245612999981,
0.090981507000005,0.0985381370000155,0.098928845999998,0.10257814299998,-0.156576977,
0.0905875840000385,0.103733853999996,0.0904385269999993,0.0836743480000168,-0.209339641000006,
0.088459526000026,0.0843109509999918,0.0557764969999885,0.0800971189999946,-0.191278222000004,
0.0860941899999925,0.0806788560000014,0.109472205999984,0.0943546999999917,-0.189478206999994,
0.102293979000021,0.0797596159999839,0.0760105879999865,0.0805098410000073,-0.139370094999971,
0.0807435430000137,0.0752776699999981,0.0855435959999859,0.0847269019999799,-0.166747704000029,
0.0849526589999919,0.0822887140000075,0.0879537439999544,0.0826922739999918,-0.150821890000005,
0.0940853279999906,0.103548782999962,0.0731444829999996,0.0747852609999991,-0.153593556999986,
0.0784623209999881,0.103365309999994,0.0792917170000078,0.0891935749999707,-0.184248353000016,
0.0769779060000205,0.0600285009999752,0.0793989869999941,0.0960182340000179,-0.184968608000013,
0.0948912880000053,0.0820975500000468,0.0697917949999942,0.0805510779999818,-0.210040785000015,
0.0757325800000162,0.0951004109999881,0.101821573000019,0.0787539230000102,-0.195824420000031,
0.0834872230000051,0.0674470719999863,0.099337148000011,0.0647037040000096,-0.185059955999981,
0.107989174999965,0.0971421390000196,0.0895798080000413,0.0788072589999683,-0.220762139999992,
0.0976938609999706,0.101208890000019,0.080118455000023,0.113207166999965,-0.168090922999987,
0.112416572999964,0.0819853380000313,0.0886463059999933,0.0868652479999701,-0.212138457000064,
0.0925397010000224,0.0913050819999635,0.0694259070000185,0.0712176660000455,-0.192125421000012,
0.0671593070000099,0.0921347310000119,0.0963281729999944,0.0764158860000125,-0.212842167000037,
0.0681489629999805,0.0691805069999878,0.0741056330000688,0.0793060820000201,-0.184513298999986,
0.103920907000021,0.095102439999976,0.0678757859999973,0.0977451220000066,-0.188260066000012,
0.0830369179999725,0.076779519999975,0.0912196199999667,0.066543381000025,-0.180541696999962,
0.0894794919999695,0.0923320599999811,0.0725911200000128,0.0911396289999907,-0.184758013000016,
0.0982177189999625,0.0874265289999985,0.108589401999992,0.0800224340000018,-0.172574904999941,
0.104578043000003,0.0630996950000185,0.0831742689999855,0.0732439699999627,-0.175829396999983,
0.103889410999971,0.0993469690000125,0.0890634840000016,0.102262879000024,-0.22403343299998,
0.0826159000000157,0.10031126900001,0.088711335999993,0.094994790000057,-0.201939956999988,
0.0876266910000149,0.0816478609999886,0.0879691360000206,0.0948706209999541,-0.181493143999988,
0.106606967999971,0.0873145929999655,0.0880476990000066,0.0768473829999944,-0.201043268999953,
0.0746547449999857,0.081185024999987,0.0746547449999857,0.0750333310000051,-0.190372030000004,
0.07364102800001,0.0586692930000377,0.068133767000018,0.085331929999978,-0.160092627999973,
0.0690602880000006,0.0666082310000215,0.0748458459999588,0.0888625539999816,-0.195905499999962,
0.106370350000005,0.125713654999995,0.0954755980000023,0.0697850080000026,-0.176131068999979,
0.0964635730000309,0.083165517999993,0.093586550999973,0.0937648540000268,-0.152695590000018,
0.0865219659999884,0.111110006999995,0.0802536249999562,0.126511334000024,-0.191355885000018,
0.0737920379999796,0.0983589889999607,0.090640374999994,0.0785411950000048,-0.188656658999996,
0.0843845430000151,0.0969902990000051,0.0891889429999655,0.0925014780000215,-0.189792951000022,
0.0750332480000179,0.100291229000033,0.0924602510000032,0.0668238440000087,-0.213253885,
0.0769716650000119,0.076526134000027,0.0799356389999889,0.0773302670000226,-0.174252088000007,
0.076028222000024,0.0734735060000066,0.0743000499999985,0.0803009720000268,-0.183362533999959,
0.0802976780000076,0.0679770510000098,0.0935383040000052,0.0852799989999594,-0.204408621000058,
0.0792803319999839,0.0743150740000178,0.100071214999984,0.0878320949999893,-0.194374336000011,
0.107420655000002,0.118471581000006,0.0724678489999828,0.0724853920000028,-0.207762965000014,
0.0812767800000074,0.0892116099999921,0.0900464319999792,0.0744030359999852,-0.15941474399995,
0.0902199859999669,0.0912369599999743,0.0984808669999834,0.0836979670000096,-0.167013981000029,
0.105705973000015,0.0882270289999879,0.125209783000001,0.105343940000031,-0.218966676000004,
0.0877325450000103,0.111568573999993,0.0940979340000445,0.0960207999999825,-0.196756776,
0.0950056819999722,0.0819526250000181,0.0744807819999901,0.0897575620000207,-0.206374965000016,
0.0746343759999977,0.0944434699999983,0.0778551790000197,0.101206294000026,-0.18242836699999,
0.0896615130000146,0.0828514010000026,0.0992907310000314,0.0729067599999471,-0.183135658999961,
0.0549919139999938,0.103862126000024,0.0955775359999679,0.100263347999979,-0.170264005000011,
0.0985890009999798,0.097470803000002,0.11915662099998,0.0817452389999885,-0.193570840999989,
0.0817692030000098,0.0706714260000144,0.0934387189999925,0.0978019020000111,-0.174785559999965,
0.0721033559999987,0.103871590999977,0.070799619000029,0.0820462379999913,-0.213564769000017,
0.0883708420000094,0.0915714390000098,0.0734866770000199,0.107105663999995,-0.199144423999955,
0.0834789120000146,0.0892304990000121,0.0822567749999835,0.084078628000002,-0.153129389999996,
0.0669841740000052,0.0981623010000149,0.0899683620000355,0.0975410560000146,-0.189090434999986,
0.0673095909999943,0.0733451290000144,0.0685975220000132,0.0853443649999708,-0.198330045999972,
0.0741907540000284,0.0771027319999307,0.0869114040000154,0.105221556999984,-0.201126895999968,
0.0779475509999538,0.0781324269999995,0.0989654189999837,0.10437765799998,-0.220953289000013,
0.0760905690000118,0.0948848489999873,0.0714684069999994,0.0742857560000475,-0.165454904000009,
0.0787487819999969,0.0864789379999856,0.0940451470000007,0.0865976210000144,-0.239929016999995,
0.0647450150000022,0.10190826400004,0.0888271420000101,0.0748640900000005,-0.222599436999998,
0.0865700510000015,0.0831232890000315,0.0878066039999803,0.0753306259999768,-0.203487470999997,
0.0894696030000036,0.0770579570000118,0.0845960880000462,0.113424308999983,-0.233128320000004,
0.0928938570000255,0.0908994749999993,0.0912238170000255,0.0880545310000239,-0.17992223500002,
0.0851312759999987,0.099960931000016,0.0883114239999991,0.0803069019999862,-0.180322780000008,
0.0853217379999787,0.0763667989999935,0.0719747310000425,0.0919594229999602,-0.173666203999979,
0.0738105790000445,0.0846754460000088,0.0599629719999907,0.101854254999984,-0.179686073999978,
0.0927730469999738,0.0928607269999939,0.088561959000046,0.0852748510000197,-0.195597069999978,
0.105316791000017,0.103206427000003,0.0931259110000242,0.103338382000009,-0.171181907999997,
0.0830722590000028,0.0797243409999905,0.107355044999974,0.0784048600000192,-0.182327355999974,
0.0996745669999918,0.0831069650000436,0.0944081740000133,0.0833091300000001,-0.202706647999992,
0.124565219000021,0.0724120129999733,0.100212472000017,0.0661969590000035,-0.199277102,
0.11499288899998,0.0823390790000244,0.0775457680000077,0.0660442500000186,-0.167026424999968,
0.102346302999973,0.100273247000034,0.0802395410000036,0.0925769020000148,-0.182750239999979,
0.0893216769999826,0.0628422069999792,0.0937082540000324,0.0975960160000009,-0.144611720999992,
0.0882363720000135,0.0524968510000272,0.0660942320000008,0.0839222040000118,-0.176570512999981,
0.0945099859999882,0.092381721999976,0.0842001889999919,0.0859310559999981,-0.130869781999976,
0.090803582999949,0.0854322069999757,0.0824193049999699,0.0911992389999937,-0.204205533999974,
0.0781077030000024,0.09187260500001,0.0710651249999942,0.064832564000013,-0.182149103000007,
0.0962914840000176,0.0796615899999797,0.0766024170000078,0.0826810529999534,-0.224691332999989,
0.0869168439999903,0.0711637780000037,0.0812604970000038,0.0917004239999787,-0.176946996000027,
0.084614366999986,0.0918623499999853,0.082387657999991,0.115795149000031,-0.22388973899998,
0.0871506700000045,0.0955965540000084,0.109914726999979,0.0653368519999963,-0.223872509000009,
0.0856119119999962,0.0881966909999983,0.106220397999969,0.0947253089999986,-0.18345958000001,
0.0979263400000332,0.0746078219999977,0.0777957449999599,0.0822323920000063,-0.184995877999988,
0.10068139,0.0895090619999992,0.114578405999961,0.0682407089999583,-0.195378102999998,
0.079125305000035,0.104269351000023,0.0671058529999982,0.0789483359999795,-0.153005629000009,
0.0859456329999916,0.0862144830000011,0.0781642300000017,0.0755470069999974,-0.217582055000017,
0.0777515419999563,0.0755086800000008,0.0927519409999713,0.0600106460000156,-0.197172221999967,
0.0613777880000193,0.0660248599999768,0.0588527330000002,0.0868365699999717,-0.203082891000035,
0.0797987020000023,0.0767704319999812,0.0775152880000078,0.0767998450000059,-0.163173512999996,
0.0661937159999975,0.0762252909999825,0.0864558449999795,0.0704358360000288,-0.217835185999993,
0.0677030299999901,0.11145056200001,0.0690573560000134,0.074082771000044,-0.239623364999989,
0.0829629170000126,0.0974152360000062,0.0695431020000183,0.0639160140000167,-0.191211002999988,
0.0924933900000046,0.0826865780000094,0.0969184569999998,0.125363601999993,-0.199751955000017,
0.0877413330000227,0.064754185999996,0.090914766000024,0.0995960149999833,-0.216136572999984,
0.0846769430000172,0.0853350130000081,0.0820448469999974,0.0925996060000093,-0.163904014999982,
0.0985634969999787,0.101076797999976,0.0797248439999771,0.0824747019999954,-0.219388899999999,
0.100454638000017,0.0739535250000122,0.0717920299999969,0.100454638000017,-0.166980143000033,
0.0811779820000029,0.0895926729999924,0.0973758529999959,0.114381864000019,-0.152464835000015,
0.0792527809999992,0.0949231840000066,0.0797401250000285,0.0888440360000022,-0.214715267000002,
0.10320384199999,0.108935494999972,0.0856590060000435,0.101940276999985,-0.196072886999981,
0.0744928139999975,0.0952620930000039,0.0838250180000018,0.0781210000000046,-0.193284433000004,
0.0844078839999747,0.0929887079999885,0.0940428790000187,0.0682324770000364,-0.209758648999992,
0.0795530609999623,0.0735851159999738,0.0982694190000147,0.0889329029999749,-0.157225856999998,
0.0931251489999836,0.0925427769999624,0.0898269740000114,0.0931251489999836,-0.233311868999996,
0.0761956210000117,0.0935678449999868,0.0905844089999891,0.0600698839999909,-0.208359212000055,
0.0842129799999575,0.108530963000023,0.103743443999991,0.0953278579999683,-0.213528726000023,
0.0749781500000076,0.0735890879999683,0.0820412790000328,0.100540744000004,-0.189612699000002,
0.0923252349999939,0.0717029240000047,0.0946022110000172,0.0856182659999745,-0.168820651999999,
0.0986513009999717,0.0842962719999891,0.0745784329999879,0.0928827180000085,-0.154148161000036,
0.0848018740000111,0.104567116999983,0.0841440969999803,0.0602469909999841,-0.151801867000029,
0.0758415820000114,0.0866417519999909,0.076506391999988,0.0742024979999783,-0.208708603999995,
0.0929621429999811,0.0958023319999825,0.0840796449999916,0.0870377090000015,-0.210373780999975,
0.08309326499999,0.0685397000000016,0.0719544849999993,0.0983224529999698,-0.209389100999986,
0.0613277589999866,0.0723337090000336,0.091512166999994,0.0714012959999959,-0.148102828000014,
0.0941055860000115,0.107547569000027,0.0812067579999925,0.0815703640000124,-0.213120801999984,
0.0993687839999716,0.104771132999954,0.0762844280000068,0.0844907790000038,-0.185242324000059,
0.0676830800000175,0.0902990369999761,0.0805681110000146,0.100497653000008,-0.21314939199999,
0.104026414000051,0.0780522320000105,0.0619678079999558,0.0904330019999629,-0.162185632000057,
0.0923811379999934,0.0721086819999609,0.0766266719999976,0.0801216020000029,-0.211685813000018,
0.100164760000019,0.0869068950000114,0.0805082469999993,0.11273306199994,-0.16691266300005,
0.10692664099998,0.0943367530000046,0.0599674789999822,0.0737285150000098,-0.195799564000004,
0.0701985879999815,0.0928922779999953,0.0808948679999867,0.0658579260000129,-0.226582565999978,
0.0810554319999906,0.0772591740000075,0.0792331509999854,0.0708014750000116,-0.166315749999978,
0.080815933000019,0.0961677910000112,0.0789118090000043,0.0784142320000033,-0.160630935000043,
0.102423116999978,0.100276903999999,0.0889338390000312,0.0829283800000016,-0.173981486999987,
0.118002750000004,0.077501188999996,0.103580404000037,0.0876455400000073,-0.209198978000016,
0.0784426039999821,0.0784426039999821,0.10563332999998,0.074261614,-0.195381909000024,
0.102417184999985,0.0766748440000029,0.100339693000014,0.0806538150000101,-0.17469556900005,
0.0685024180000087,0.0807259659999641,0.0964818490000307,0.0690962900000086,-0.180830544000024,
0.076164745999999,0.0855651169999933,0.0860408629999943,0.0812582720000114,-0.176115731999973,
0.09619529899999,0.0975713850000211,0.0714515039999951,0.0934737759999521,-0.189428821999997,
0.0698102909999984,0.0874020060000148,0.0746988289999576,0.102694084000013,-0.185972311999957,
0.108603121000026,0.103884438000017,0.0729912199999821,0.104650750000025,-0.226973357999976,
0.0818861639999736,0.0990002940000099,0.0727477810000214,0.101394782000056,-0.175279962999979,
0.0909867999999883,0.0977911390000268,0.0889342509999929,0.0687383059999825,-0.204149164999972,
0.0996059589999877,0.0853301719999781,0.0663976950000283,0.0811662650000153,-0.17827302899998,
0.079549939999989,0.100921593999997,0.0962501460000353,0.117146879999972,-0.183035759000017,
0.127130807999993,0.0675020960000179,0.102289827999997,0.0781125139999858,-0.18554473700003,
0.0816761870000246,0.0739220760000026,0.0917840140000271,0.0646998740000058,-0.205212053000027,
0.0851512749999906,0.107741158999981,0.0856223680000376,0.0827739809999939,-0.248334091999987,
0.0745473670000147,0.0870056260000079,0.0719743079999739,0.0692480539999442,-0.191034458999968,
0.0794925569999832,0.0698737980000369,0.112250932999991,0.0659835490000114,-0.180112919000048,
0.083464206000006,0.0900565970000157,0.0950179519999797,0.107858587,-0.20674048900001,
0.0969985279999837,0.110978793000028,0.0918885560000308,0.0877342010000243,-0.206256357000014,
0.083944899999974,0.0723882999999901,0.0862706149999999,0.0846866219999888,-0.172719290999966,
0.0859733270000302,0.110323268999999,0.103613479000005,0.0982457380000365,-0.185010599999975,
0.0836802619999898,0.0843381730000242,0.0928876089999949,0.0768207369999996,-0.202412319000014,
0.0898902350000148,0.0904495780000198,0.0664026410000138,0.102763552999982,-0.180525359999993,
0.0927764700000512,0.0744497579999857,0.0743275639999943,0.0968876230000001,-0.201160100000022,
0.121929855000041,0.0756466560000235,0.121955730000009,0.0774807829999968,-0.161832801000028,
0.0743813910000117,0.0738764330000026,0.11485802100002,0.0924577239999958,-0.219824616000011,
0.0825947499999957,0.0998972629999917,0.0807101099999986,0.0747361399999913,-0.159114728999966,
0.0821060219999818,0.0930780979999936,0.0832696380000098,0.0803176520000138,-0.162754335999948,
0.0944162929999898,0.0818463200000024,0.0833317840000109,0.0803620569999907,-0.249309937999999,
0.0666029200000312,0.0648935300000016,0.100047371000001,0.0796414269999827,-0.231144592000031,
0.0957324880000096,0.0904901090000039,0.0686372840000035,0.0804107390000049,-0.21708906400002,
0.0899130460000265,0.0681442620000021,0.090893587000005,0.0905481310000428,-0.177078937000007,
0.0753561870000103,0.117140326999996,0.0916814620000468,0.108514682000009,-0.195026738999967,
0.0924319879999912,0.0927888589999948,0.102658762000005,0.0835817269999902,-0.198483744000019,
0.095047983999983,0.0870833189999948,0.0717562399999924,0.076844149999954,-0.193486084999995,
0.0914529049999496,0.111896915999981,0.0891514230000225,0.125205724000024,-0.199248681999995,
0.100873563999981,0.0984169769999985,0.0904275210000233,0.0816225619999736,-0.214271084999998,
0.0999728549999818,0.0722146700000203,0.0753250130000165,0.0739609159999859,-0.194886141999984,
0.0749731940000083,0.0628646549999889,0.0889771239999741,0.0997241600000275,-0.178175042999947,
0.0874445020000044,0.0778291870000307,0.0699379050000139,0.0847953439999924,-0.192231223999998,
0.119355389999977,0.0967547800000084,0.0746538830000291,0.0943004249999799,-0.236516301999977,
0.0650295760000172,0.0811357579999976,0.0891385719999848,0.0999531609999913,-0.144035463000009,
0.112115441999997,0.0884675420000117,0.063047470999998,0.0815419709999815,-0.176565847000006,
0.0612239069999623,0.0810199189999994,0.0780786680000156,0.0902651710000127,-0.18315179199999,
0.0777876120000074,0.0955662680000009,0.0915116129999833,0.0795038570000142,-0.149374074999993,
0.0923576069999817,0.0783915410000322,0.056884644000002,0.0754283940000305,-0.198254820999986,
0.0988106299999654,0.073128155000004,0.103172601000017,0.0748725389999736,-0.196576520000014,
0.0918791810000089,0.0708849569999711,0.101231824999965,0.0652264210000071,-0.177198619000034,
0.0755966839999933,0.0940573599999548,0.0937355840000114,0.104957836000008,-0.206041846999998,
0.0712227419999999,0.0664354610000037,0.11825289399999,0.0862819130000071,-0.224865543999997,
0.0916688420000082,0.0874086939999925,0.0811781719999854,0.0776333839999847,-0.17535069799999,
0.0840682179999908,0.0964112580000028,0.0837670339999836,0.0788866640000033,-0.185554498000019,
0.0903258310000292,0.0899194539999939,0.109704818000004,0.0773001330000284,-0.203843501999995,
0.0806365949999963,0.110575298000018,0.0872188920000008,0.101759002999975,-0.206074493000026,
0.0972334819999942,0.11063757699996,0.0760513509999873,0.109670939999978,-0.193564976000007,
0.07885699999997,0.0932641489999969,0.0662168899999938,0.0868086430000253,-0.161395099000024,
0.0773604330000016,0.0759188009999684,0.0800516640000251,0.0866764809999836,-0.178104527999994,
0.0935428160000088,0.0940748729999664,0.0715466869999941,0.0905091380000226,-0.184309686999993,
0.0895834900000159,0.079117198999978,0.0949354250000338,0.0898610159999998,-0.169232494999959,
0.0859471930000141,0.0935895879999925,0.102581510000009,0.104357702999946,-0.194925674999985,
0.105035961000026,0.0782325109999902,0.0731021020000248,0.0775997220000008,-0.217241514999996,
0.0617771719999928,0.0875599889999971,0.0904047900000228,0.0994294319999658,-0.223221200000004,
0.100863813000035,0.133062556999973,0.094952112000014,0.0834893100000204,-0.214729027000015,
0.0570599639999755,0.0721251769999794,0.0703917980000324,0.0723324149999958,-0.170979332999987,
0.0724369409999567,0.0891025680000071,0.0926113600000112,0.0695863280000171,-0.211067573,
0.0682486379999673,0.0712407250000179,0.0722170159999928,0.0825778369999798,-0.198794686999981,
0.0697350359999737,0.0906645369999937,0.087148140999961,0.0894681389999928,-0.169952961999975,
0.0761421490000189,0.0607643030000236,0.0601906779999972,0.0798097100000086,-0.191063463999986,
0.0930104530000326,0.0647011209999828,0.0800036739999691,0.0984605020000113,-0.21628969899997,
0.0803233279999863,0.107469695999962,0.0931620549999852,0.121291409999982,-0.229141970999973,
0.0763872949999659,0.101704216999992,0.0581646689999852,0.0808538729999518,-0.181526948000042,
0.0597648879999579,0.0835102459999475,0.0770385369999945,0.0762759600000081,-0.193216305000022,
0.0941980899999899,0.0741624740000279,0.0955536619999575,0.119903425000011,-0.216027385999964,
0.103141462000001,0.0766515290000098,0.0802019649999838,0.0887987199999784,-0.18761840600001,
0.0838669779999787,0.0917533529999814,0.0753385280000252,0.113917195999959,-0.202529772000014,
0.0828585849999918,0.0732372859999996,0.100510128,0.0669002850000125,-0.211193806000046,
0.0665613770000277,0.0826999430000215,0.0835747879999822,0.0988681330000099,-0.159888433999986,
0.0699783509999861,0.111037393999993,0.0827899180000036,0.081551002000032,-0.211860987000004,
0.0724801590000029,0.0750846829999814,0.0820112919999674,0.0910083749999908,-0.177580814000013,
0.0776548269999844,0.0946789329999774,0.0741914530000076,0.0878282819999904,-0.177097596000007,
0.120995059000017,0.0944013050000085,0.0884958479999755,0.110158106999961,-0.175239008000015,
0.107399617000012,0.0927901550000129,0.0962604769999848,0.101076190000018,-0.162178287999995,
0.114225408999973,0.0819066900000089,0.0945179920000123,0.0900538899999929,-0.195400569999962,
0.0944837709999774,0.0876781849999766,0.100704474999985,0.0789775819999922,-0.176414677999963,
0.0741660400000092,0.0762679870000125,0.0779250439999937,0.0660980460000228,-0.222544702999996,
0.0828989179999971,0.062596388000019,0.090220853999996,0.0957706149999822,-0.221085619999975,
0.0733606080000077,0.0782675729999996,0.115523649999993,0.0740881599999984,-0.242863959999989,
0.0732804599999772,0.0992566500000289,0.0780014810000343,0.0758147580000095,-0.168402311000002,
0.0873303490000162,0.0870629070000059,0.105795010999992,0.0873141090000281,-0.181078615999973,
0.0852971070000026,0.0853490899999965,0.0986325609999994,0.104211429999987,-0.166360316999982,
0.091570554999978,0.0854908890000106,0.0663222939999832,0.0816372690000139,-0.232516472999984,
0.0801978579999859,0.0679994830000151,0.0853740650000191,0.09608027700001,-0.201048826999994,
0.0900432480000231,0.0876579150000089,0.080714320000046,0.0849650569999781,-0.220536618999996,
0.0781485090000188,0.076655182999983,0.107566694999972,0.0856757439999842,-0.192804328999999,
0.0959676780000209,0.0850573490000097,0.0732545249999775,0.0817383230000005,-0.220155359999951,
0.082300093000033,0.0892517070000081,0.091040108000022,0.109136026000018,-0.165936229999999,
0.0723579119999804,0.104247965000007,0.0817637550000109,0.0703237939999849,-0.167704779000007,
0.0804410679999792,0.10467122500001,0.0865111080000083,0.0823057340000173,-0.203600018999991,
0.11589620299998,0.0960358599999904,0.0837570530000148,0.0901894569999858,-0.195779589000018,
0.0805021929999893,0.0816265520000275,0.0841769149999809,0.108969846000028,-0.197053712999963,
0.0751277239999899,0.0797275020000211,0.0746219209999772,0.0848395870000495,-0.199003104000041,
0.0900290649999852,0.0873631269999914,0.0803880199999571,0.102014114999988,-0.213605481000011,
0.0905546779999941,0.081421238000019,0.106399400999988,0.0860727589999824,-0.175979988999976,
0.0881969959999897,0.0882897319999774,0.0882463599999846,0.0719330479999853,-0.151281053000008,
0.073668124999981,0.0863966729999825,0.0910273470000234,0.0765409510000068,-0.24048202299999,
0.093758005000017,0.078941667000006,0.0879933730000266,0.0792790080000532,-0.187954680999993,
0.0899000790000027,0.0792350160000192,0.0867154559999813,0.0580063089999799,-0.186144888999973,
0.0920134410000537,0.102522621000012,0.112689033999987,0.0920043340000225,-0.193831843999974,
0.081596980999991,0.0680240960000469,0.0937401949999994,0.0708182920000131,-0.200034736999988,
0.0824667290000111,0.110752125000018,0.0815182989999917,0.0852291830000049,-0.220812540000022,
0.0822407290000074,0.100243608999972,0.103624586999988,0.0915423509999819,-0.213410187,
0.0703869189999928,0.0688061020000027,0.0902917339999913,0.0688061020000027,-0.167798533000059,
0.0813331060000219,0.0814475239999656,0.112344936999999,0.0886121339999927,-0.236127517999982,
0.0825280000000052,0.0773077059999682,0.0816188960000127,0.0800214309999792,-0.169980359000008,
0.093202037999984,0.084045060000019,0.110976169000055,0.0730963620000016,-0.170369867999965,
0.092292147000021,0.0914535269999669,0.0891433480000087,0.0917014560000503,-0.170307510999982,
0.0779155390000292,0.0885187960000244,0.099680545999996,0.0939582109999942,-0.156935510999982,
0.0832696599999708,0.104193429000049,0.0796090629999912,0.0710728379999964,-0.176166001000012,
0.069094034999976,0.0807654949999801,0.0755006479999729,0.086277803999978,-0.197405361000034,
0.0775814880000053,0.0932854119999597,0.093669395999987,0.102547270000026,-0.171203684000005,
0.0660596840000321,0.0908523179999988,0.0853128360000255,0.0786881390000185,-0.212093659999999,
0.0815931929999629,0.109479105999985,0.083324478999989,0.0955468479999563,-0.217178769999996,
0.0848447560000036,0.0963896549999981,0.0977003690000001,0.0694537000000378,-0.182332263000028,
0.0908529129999697,0.0923303409999889,0.0743528050000109,0.0892365210000121,-0.203502277000014,
0.086411342999992,0.0832745230000055,0.0732125979999955,0.0883813519999871,-0.186474918000004,
0.0740286980000046,0.100972518999958,0.062900218999971,0.119599639999994,-0.228307877000017,
0.0874524980000233,0.0964692329999775,0.0771300330000445,0.0887412380000119,-0.209560052000026,
0.104152858999996,0.0790547000000074,0.101146044000013,0.102637309000016,-0.190421983000005,
0.0824092990000254,0.0654033340000033,0.094626996999978,0.0913696770000101,-0.158588191999995,
0.0911931769999946,0.0673599489999897,0.0795679419999842,0.0580075530000204,-0.198157017000004,
0.0896416950000121,0.0871837619999546,0.0616474699999922,0.101061040000002,-0.21808557499999,
0.110028436999967,0.0752029059999886,0.075654031,0.092240405999974,-0.19790065800002,
0.0520113550000087,0.0930414899999851,0.0927956019999983,0.0782602749999883,-0.198115893999947,
0.101465833999972,0.112650558000033,0.0930905070000113,0.0903170569999775,-0.183455845000031,
0.0929957010000253,0.103533293000022,0.084472639000006,0.0766160330000039,-0.179789287999999,
0.0872147369999889,0.070948756999991,0.0656365589999714,0.0779884429999943,-0.180913368000004,
0.0883514750000022,0.103771005000003,0.0667297239999775,0.0909511129999992,-0.203435927999966,
0.0999009230000293,0.0983660109999992,0.0976406630000442,0.0889931370000013,-0.200194415999992,
0.0902848489999706,0.0766021479999986,0.0690209929999751,0.0892137639999737,-0.17427806899999,
0.0890920849999361,0.0664031579999887,0.052432781999978,0.0655941489999955,-0.162140131000046,
0.068825228999995,0.0654348320000136,0.0926667500000212,0.089793224000025,-0.169921701999961,
0.105152919999967,0.086893333999988,0.0813372089999984,0.0778000280000247,-0.189533385999984,
0.0815467190000077,0.0853540919999537,0.107777163999976,0.0603615730000215,-0.157577979000051,
0.102924248000012,0.0950040290000102,0.0802192840000207,0.0698036750000215,-0.197567413999991,
0.100020457000006,0.0992966940000306,0.0956768209999677,0.0764758979999833,-0.210236712999967,
0.105736667999976,0.102003403000017,0.0782155910000211,0.0777946159999888,-0.242198999000008,
0.096751087000016,0.0632184260000004,0.0783975029999738,0.083606054999977,-0.18695824700002,
0.0869746279999813,0.105030926000025,0.0826078099999786,0.101258089000014,-0.220648520999975,
0.0720298950000056,0.105592050000005,0.0954967630000233,0.0813791789999996,-0.204282334999957,
0.0898941150000014,0.0800048200000001,0.0953401970000109,0.0921772910000213,-0.227108831999988,
0.0798010830000003,0.0734682469999539,0.0823647830000018,0.0878769170000082,-0.204596809000004,
0.0675341910000448,0.0843543080000045,0.0766474209999519,0.100957911000015,-0.196326872999989,
0.0923301029999984,0.0861292929999972,0.0912339259999872,0.0639093469999666,-0.196923164999974,
0.064764308000003,0.074537790000034,0.0727314509999987,0.0752527520000222,-0.209231368000018,
0.103851505999994,0.0798854050000359,0.117215208000006,0.0811216180000024,-0.217427608999982,
0.12295929100004,0.110421411999985,0.100872408999991,0.0831553119999712,-0.203118699000019,
0.109327331999963,0.0980043679999799,0.0858740089999878,0.0989306759999367,-0.238940151000013,
0.0732839689999714,0.0796763560000168,0.0626080759999854,0.0814346199999709,-0.182914697000001,
0.0661588719999786,0.104863317999984,0.119366316999995,0.0842125139999994,-0.190232248000031,
0.0800667190000026,0.076663553000014,0.0916019619999879,0.0790297490000048,-0.172513666999992,
0.10199917599999,0.0953667489999884,0.092031533000003,0.0904837540000199,-0.221575733000006,
0.0834516259999864,0.0791808410000158,0.0865001360000274,0.0868592600000288,-0.173969150999958,
0.112893664999999,0.075897752000004,0.0825741210000078,0.0780829209999893,-0.180883097999984,
0.0829386330000129,0.0858724119999656,0.0708435130000007,0.111737907000023,-0.206429229000009,
0.0840757100000074,0.071954605999972,0.0860242030000291,0.0771592880000303,-0.202580913000013,
0.0940451280000129,0.0820069389999844,0.0951620560000183,0.100962017000027,-0.200387515999993,
0.0798468490000105,0.0907342689999941,0.0629139190000046,0.0716017619999939,-0.204444938999999,
0.0753216079999866,0.108680378999945,0.095596597999981,0.0846684840000085,-0.165165846000033,
0.0790576089999404,0.0790013200000044,0.071275522999973,0.0839983579999739,-0.179626461999957,
0.0943200800000004,0.104656467999991,0.0826997250000154,0.0824329090000078,-0.211265891000022,
0.0777181690000152,0.106007037000014,0.085912121999997,0.0861948039999979,-0.17276573600002,
0.0459722500000212,0.0878059869999824,0.0828155759999518,0.0852448230000036,-0.198245354999982,
0.111656095,0.0776718389999637,0.0988331739999571,0.0958322770000182,-0.257723035999998,
0.088756326999985,0.100630729999994,0.0884784379999524,0.105236512000021,-0.204888578000016,
0.0940534890000404,0.0834923030000223,0.0955138009999869,0.0944307280000066,-0.21195940499996,
0.0799352309999822,0.112929790000001,0.0685352219999982,0.0659588330000524,-0.164787728999985,
0.115437856000006,0.0868864370000069,0.102619191000021,0.0877597099999994,-0.210089162000023,
0.0971474830000107,0.0990257759999981,0.0798039490000156,0.0962703270000034,-0.197851678000011,
0.0779789450000158,0.0989474820000073,0.106356767999995,0.0817556970000019,-0.185567790999968,
0.0838424029999605,0.0807463080000193,0.0783425520000033,0.0890846269999615,-0.182820171000009,
0.0951858780000339,0.0851412829999995,0.0701543820000047,0.0857407549999771,-0.212530870999974,
0.0966893090000185,0.0788430629999752,0.0958138009999875,0.0816135250000307,-0.194537296999978,
0.0756814399999712,0.102428160999981,0.0815324369999989,0.113102654999946,-0.144520742999971,
0.0677007159999926,0.0936989179999878,0.0945164840000193,0.0853010249999907,-0.192771541000022,
0.0747197329999858,0.0794770609999609,0.0867335939999621,0.0894665440000049,-0.177180617999989,
0.0869670530000494,0.0789883830000076,0.083690573000003,0.0848658620000087,-0.217269041999994,
0.101441834999991,0.0904688879999758,0.0798207190000148,0.086254428000032,-0.170659377999999,
0.0911411649999568,0.07826363299998,0.0753164380000035,0.112638371000016,-0.17963464,
0.0919351709999923,0.078540925999996,0.0790231840000047,0.0996447180000387,-0.168151452000001,
0.101707254999963,0.0992045269999799,0.095590409000034,0.0564594219999931,-0.21546742799997,
0.0776764910000115,0.0777178369999992,0.0693114319999959,0.0670967760000062,-0.144048980999992,
0.072185586000011,0.097661352999999,0.0803724780000339,0.0853184390000088,-0.167574011000032,
0.0825340820000474,0.0633514649999634,0.0825340820000474,0.085224991000016,-0.169472026999984,
0.10007543700003,0.0780181240000052,0.100485982000012,0.10661639799996,-0.202541591000007,
0.0734227910000081,0.0927890489999645,0.121750572999975,0.0873389689999949,-0.173915895999975,
0.0827178670000062,0.0965986280000152,0.111453315999966,0.0882582959999709,-0.176557375000039,
0.0954559100000174,0.0759661439999768,0.112222918000019,0.0954301829999954,-0.138196034000005,
0.0723334199999726,0.0972278799999885,0.0881899780000344,0.111114413999975,-0.198296080000016,
0.117338448000033,0.0913582829999891,0.113839685999958,0.096631102000003,-0.237893926999999,
0.0928868900000116,0.0879778589999778,0.108348655000008,0.0775734420000163,-0.211381714999956,
0.0611716020000013,0.09124584400002,0.106896533999991,0.084248868000022,-0.211812607999997,
0.103137272999996,0.0881790779999928,0.101503187000015,0.0780764269999991,-0.191466501000024,
0.0961458760000273,0.110007917,0.0975995679999687,0.074934326000006,-0.224961085999985,
0.0691054019999979,0.0978015130000103,0.0763878080000109,0.0879132589999849,-0.186545062000014,
0.0948950340000356,0.0912711980000045,0.0915758419999866,0.0925161190000299,-0.194959097000035,
0.106074290999964,0.105346996999979,0.0787332840000113,0.0632777669999864,-0.227454527999973,
0.0846997719999881,0.108349738000004,0.0789631800000043,0.08934551899999,-0.209119629000015,
0.116584480999968,0.0802964489999763,0.0873097849999849,0.0935392560000096,-0.183076440000022,
0.0724772510000034,0.0754749099999917,0.102090767000027,0.0999984570000083,-0.162685001000002,
0.0836256470000003,0.075097127000005,0.0872756219999878,0.0974977589999658,-0.233594171000023,
0.090691152999982,0.0628925840000152,0.0770062349999898,0.0734240390000414,-0.194908515,
0.098838411999991,0.0884146880000321,0.0855893340000289,0.101084733999956,-0.210111422000016,
0.0987598849999704,0.106580259000035,0.106380984999993,0.101929110000018,-0.252788003000012,
0.0698100549999858,0.080567665999984,0.0812281099999664,0.0903643750000092,-0.179900481999948,
0.0844858299999973,0.124541255999931,0.0972744200000275,0.0705475869999855,-0.191701994999982,
0.104387391000053,0.0982563809999947,0.0801620100000023,0.0985982439999898,-0.169942908999989,
0.0792458890000044,0.0870148400000517,0.0908236289999886,0.086850579000034,-0.182761302000045,
0.0962857579999936,0.10304718600002,0.107627577999984,0.0692035669999946,-0.220899450000026,
0.0921347689999957,0.0994469649999955,0.0925716230000135,0.0962297519999711,-0.233046963999985,
0.0643379369999816,0.0986696989999832,0.0720218219999933,0.0963529820000131,-0.222712338000011,
0.0683162779999971,0.121013780999969,0.103269276000025,0.0912315700000049,-0.234671377000013,
0.0936078240000111,0.0753925269999718,0.0722682620000064,0.0917585049999843,-0.182908291000019,
0.0723619919999896,0.107654128000011,0.0925669780000371,0.0704594519999914,-0.225179936000013,
0.0832314700000388,0.0970213020000365,0.0668936159999948,0.0828561669999613,-0.194499371999988,
0.100425199000003,0.0927066419999928,0.0738685970000033,0.0767788609999948,-0.204177606999976,
0.0933909659999922,0.0873562509999979,0.0813630039999748,0.0913973060000067,-0.208302589000013,
0.079865622999986,0.0679976309999665,0.0757352359999832,0.0773571390000034,-0.168656093999966,
0.0633055640000071,0.0837090969999817,0.0939599219999932,0.0829868359999837,-0.201451235999963,
0.073483155999967,0.0882404310000265,0.0825628210000227,0.0730418119999949,-0.153030612000006,
0.100897747000009,0.0693416440000301,0.0658360449999836,0.0815557210000361,-0.129175314999952,
0.0827470199999875,0.0724447060000107,0.100849162000008,0.0962890999999881,-0.224512947999979,
0.105272143999997,0.101458252999977,0.0892558099999978,0.0888636059999753,-0.206178893000002,
0.0789874159999749,0.0833776860000153,0.0876317040000008,0.0805327800000009,-0.179652079999968,
0.103133233999972,0.0858242660000033,0.0868810219999955,0.0694759110000268,-0.233263636999994,
0.0704317639999877,0.0650431650000023,0.079115441000009,0.053875075999983,-0.197927036999985,
0.095850508000025,0.113551183999944,0.0790740349999842,0.0840451889999977,-0.189302597999992,
0.0924866789999755,0.11212313599999,0.100230792000016,0.0800479349999987,-0.209781687000037,
0.103893524999979,0.0963477599999978,0.0804827199999722,0.0775836939999649,-0.178547301,
0.0954263110000143,0.092139776999973,0.0901117109999668,0.0904598900000051,-0.182962140000003,
0.0821279240000344,0.0662429909999819,0.0893373139999844,0.0798996660000189,-0.212981623000005,
0.0977063199999716,0.0785980000000372,0.105411199000026,0.0769999069999981,-0.156693647,
0.0911032229999801,0.0729061949999905,0.090192507999966,0.101841241999967,-0.177016715999973,
0.0800771370000039,0.095952992000025,0.0766226810000312,0.0807982509999956,-0.162467461999999,
0.0837882180000165,0.104543967000002,0.0745663549999831,0.111653992999973,-0.206212197999996,
0.0762471130000299,0.0860533140000148,0.0632170520000177,0.0897856010000328,-0.166589935000009,
0.0978533989999651,0.087963997000044,0.0910957219999846,0.087360860999996,-0.235782642000009,
0.106719890000029,0.0870342089999963,0.115405032000015,0.0723294670000128,-0.223145113999967,
0.0835788170000069,0.0931375260000041,0.0916585150000014,0.087879085,-0.174052068000013,
0.0876312470000162,0.0714636199999891,0.0866350779999648,0.074039128000019,-0.169209850000022,
0.068453980999991,0.0752379000000033,0.098149450999987,0.0711981609999893,-0.194249536999988,
0.0907555549999925,0.0760467089999911,0.0923427869999996,0.080350839999965,-0.165952889999975,
0.0938213309999787,0.0910596500000052,0.0696454430000185,0.0942019350000187,-0.17638479700001,
0.0893922480000128,0.0810568799999601,0.0787669919999994,0.0930634459999978,-0.170337900000012,
0.0658841549999866,0.106024701999965,0.0913000130000228,0.092166528000017,-0.226120626000026,
0.100232774000014,0.101444831000029,0.0998088899999975,0.0791898940000365,-0.180949001999982,
0.0908108199999638,0.064071725999951,0.0891491600000022,0.082863658999971,-0.184520570000025,
0.0957048559999839,0.0820013610000328,0.082920026000013,0.0755275490000299,-0.18352526000003,
0.0891240800000373,0.0783129000000181,0.0798918689999937,0.0866609360000207,-0.187884861999994,
0.0783615400000044,0.0937559549999878,0.103060275999982,0.106479511000011,-0.154792862000021,
0.0830467830000507,0.112685634000001,0.0859138379999617,0.0920273129999837,-0.161839024000037,
0.107544756000006,0.088449488999981,0.0927849290000418,0.0905574459999798,-0.181535964000004,
0.0556655749999727,0.0989235129999925,0.0746524039999854,0.0822643359999925,-0.183862948999978,
0.0817226439999654,0.0832559849999957,0.084189420999965,0.0544714020000179,-0.172302574000018,
0.0845214269999806,0.10920198999998,0.0720342869999799,0.0798961520000125,-0.179416583999981,
0.0979400450000035,0.067249241999993,0.0823690099999899,0.0828844079999899,-0.174887295000021,
0.0756836100000114,0.0879490399999986,0.0877820510000388,0.108271387999978,-0.15925015699998,
0.0924740650000044,0.0886814740000064,0.0846906079999976,0.106779179000015,-0.189073485000002,
0.0931483639999979,0.0869263239999864,0.0890564719999961,0.0651924720000229,-0.180407464000004,
0.0547128770000086,0.065333435999984,0.0763573289999854,0.106546278000009,-0.208997056000021,
0.10253960999998,0.092044864999993,0.0832137679999751,0.0680623829999822,-0.221482861999974,
0.0802089919999876,0.0829346180000039,0.0837955290000109,0.0852719190000289,-0.217981479999981,
0.0840967760000358,0.0971224309999984,0.0619248869999719,0.0935197619999799,-0.222356782999988,
0.0825773869999662,0.072172274999984,0.0716507849999853,0.0670894210000315,-0.21277202000002,
0.0705806659999776,0.0682918569999997,0.115627930000009,0.0586201789999982,-0.146283430000011,
0.0931149350000164,0.0985702359999805,0.0892975800000336,0.0973246129999793,-0.208310761999986,
0.0971276270000212,0.10996350499999,0.089521916999995,0.0957270860000281,-0.209160208999959,
0.0890114710000053,0.0922316349999815,0.0840884060000012,0.0566574160000077,-0.200806922000026,
0.0911105620000171,0.0658981310000299,0.0907530609999749,0.0866728790000143,-0.188993196000014,
0.0784755709999849,0.0874221970000099,0.106935640999994,0.0847192449999652,-0.137633356000049,
0.104953331000008,0.10869597199999,0.0816023550000182,0.0843892930000193,-0.191177643999959,
0.117498629999992,0.0824156980000257,0.0984117589999833,0.0595027989999971,-0.207865311999964,
0.0964658880000097,0.0872759179999957,0.101000374000003,0.0786988450000131,-0.14898330900002,
0.066658517000028,0.0839357729999911,0.0865190220000345,0.0746684359999676,-0.195200356999957,
0.0707618899999734,0.0891356590000355,0.0995424769999859,0.0742957930000075,-0.203815377999985,
0.088946663999996,0.11077985300002,0.0683706249999636,0.0941997769999807,-0.177204380000023,
0.0764140980000452,0.0886713740000077,0.0860692130000116,0.0856177080000371,-0.193804959999991,
0.102714099000003,0.076645221999981,0.076507281000002,0.0962959190000165,-0.21433192299999,
0.0549644270000008,0.081849420999969,0.087456344999975,0.0815014249999958,-0.201463283999991,
0.0678632359999988,0.0848903830000022,0.0727509710000122,0.0888467360000209,-0.193146940000048,
0.0905994660000179,0.0794181070000186,0.116320886999955,0.0929075599999846,-0.18259926199997,
0.0874926460000129,0.0894814299999857,0.0956256350000413,0.0837154650000398,-0.204269225000009,
0.0716643970000146,0.0691703559999705,0.077917515999975,0.0816499380000305,-0.161430685000004,
0.0902774620000032,0.102620813000009,0.0929250039999765,0.0743278399999731,-0.208237741000014,
0.0788826800000015,0.102959954000008,0.085095652999988,0.108403904000008,-0.180733967999987,
0.0772735449999868,0.0993829089999917,0.0954750710000017,0.111242276000009,-0.248884516000036,
0.0686123969999999,0.114758777000004,0.079268584999993,0.0940195169999861,-0.151750810999988,
0.0758129540000027,0.0700950699999666,0.0763789350000047,0.0874283150000047,-0.170803393999989,
0.0886602499999508,0.10140495099998,0.0796760590000285,0.0933721380000138,-0.169981086000018,
0.0932794169999715,0.0814337980000105,0.0715947560000118,0.0810901349999799,-0.200688017000016,
0.0860982480000057,0.0759186649999992,0.0832439340000224,0.0718682709999962,-0.176480007000005,
0.129124456000019,0.0873005350000044,0.0958033450000239,0.0897682749999826,-0.20401636999999,
0.0959104480000005,0.0831832169999557,0.102563121000001,0.10746428699999,-0.242476386000026,
0.086184934000019,0.107231264999987,0.106533669000023,0.083984912999968,-0.196146384999995,
0.083394779999986,0.100985449000043,0.100159414,0.084261152999984,-0.178718347999953,
0.109930114999996,0.106897983000018,0.103719869999984,0.106897983000018,-0.188586605000008,
0.0925478559999756,0.0746837050000322,0.0782583429999932,0.0877486909999711,-0.165188862999985,
0.0905660049999688,0.111587181999982,0.0970236310000096,0.0795012770000253,-0.164655791999987,
0.103603024999991,0.0848917209999809,0.0987344479999697,0.0848917209999809,-0.156021440999992,
0.101269058999998,0.0961308289999984,0.0709173569999621,0.0817087139999612,-0.161855880000004,
0.0992355400000288,0.094696743999998,0.0871908239999766,0.0859331390000007,-0.174415254000012,
0.0775025909999658,0.0830391750000345,0.0920515210000358,0.0781101339999846,-0.230125693000043,
0.0635661959999979,0.0565505149999926,0.0888448839999764,0.0919817480000083,-0.172413739000045,
0.0740715930000056,0.112957133999988,0.0683386310000014,0.0836878549999838,-0.226579136000001,
0.083969260000028,0.0961328029999991,0.102108446999997,0.0856475900000178,-0.191523837999991,
0.0850823210000162,0.0673937149999833,0.101710378999963,0.0911485570000154,-0.166033993999968,
0.11433376699998,0.0860929179999707,0.0687750429999983,0.0908088450000141,-0.232620775000005,
0.0754418460000111,0.0911854959999646,0.0905881449999938,0.0983001809999914,-0.19379519999996,
0.0832485239999996,0.0699931329999676,0.0743912979999786,0.0824537599999639,-0.193038440999991,
0.0548047129999995,0.0910856029999823,0.0904436530000071,0.0703326930000326,-0.167778827000014,
0.0832574749999871,0.0839006289999797,0.0747747200000094,0.0875951420000238,-0.204375250999989,
0.0817889749999959,0.103465919999963,0.0805076149999973,0.0912269910000214,-0.18199525200001,
0.0548204160000096,0.078756171000025,0.0838444840000084,0.0979492759999971,-0.21432904400002,
0.0717328930000085,0.136880787999994,0.0690826799999932,0.136880787999994,-0.203500778999992,
0.0993894110000388,0.0879746810000347,0.101230855999986,0.093391779999999,-0.193537788999964,
0.0797986179999971,0.0727568079999933,0.0953298919999816,0.0828597549999545,-0.175844214999976,
0.102236942999994,0.0750559889999999,0.0927603280000035,0.0685639949999713,-0.250983370999961,
0.0859731169999768,0.0872642149999951,0.088081431000036,0.0890789779999986,-0.192523908000016,
0.0899072570000112,0.0924959800000115,0.0868322820000344,0.068857439000019,-0.201504343000029,
0.0672623549999762,0.0830383779999724,0.110839481000002,0.0869555079999914,-0.181172522999965,
0.0839836429999691,0.101032155999998,0.0663489759999952,0.121581443000013,-0.180283380000003,
0.0858570250000025,0.0883759069999828,0.0807964459999935,0.0559529810000163,-0.192364269000003,
0.0997383940000536,0.101559507000001,0.0868387079999998,0.0736123919999586,-0.193504869999973,
0.102147327000022,0.101694167,0.0935073790000024,0.0798225570000491,-0.219901844999978,
0.134976921000011,0.0735462579999826,0.0934668439999896,0.0573871039999863,-0.192313351999996,
0.0866605319999967,0.0861125190000121,0.114755227999982,0.107912741999975,-0.198699336000021,
0.0809399969999845,0.0796397189999766,0.108103769000003,0.0862154359999968,-0.150086110999976,
0.0742094629999897,0.0879819560000333,0.110152215999986,0.0984125500000159,-0.199506999999984,
0.0954941179999973,0.0825556200000037,0.0753767499999817,0.0868195640000317,-0.235656574,
0.0829640379999741,0.0724344190000388,0.103957683000008,0.110341392999995,-0.189810340000005,
0.0992296399999973,0.0893053929999878,0.0739117369999881,0.0953086469999948,-0.199920803000002,
0.108589790999963,0.0889738920000073,0.0805057799999909,0.0872634510000139,-0.199173234000014,
0.0924274780000314,0.0751484839999862,0.0774828769999895,0.0771353199999981,-0.208949008000011,
0.0873436050000032,0.0870139149999986,0.089178530000032,0.0814434790000119,-0.185632382999972,
0.0807926600000292,0.0906932989999868,0.0828363710000058,0.11592806799997,-0.202037688999987,
0.0803502090000147,0.0582786840000372,0.0631786109999871,0.0758327909999766,-0.195889954999974,
0.0935774270000402,0.0781209030000336,0.063803421999989,0.0807183309999987,-0.159206023999991,
0.0743781839999851,0.0866584170000365,0.107881600999983,0.0965172620000149,-0.163722302999998,
0.0897929180000256,0.0981016810000051,0.116937787000019,0.075008339999998,-0.211409546999946,
0.0954833149999631,0.0936793109999721,0.082028315999974,0.0679829309999786,-0.194673997999976,
0.0701612480000067,0.0965428870000365,0.0687946969999884,0.0757152539999861,-0.176588447999997,
0.0894618129999667,0.0908324310000089,0.0933539360000095,0.0729627069999992,-0.177182093999967,
0.0720537059999874,0.074019661000018,0.0760183779999979,0.0998736410000129,-0.148389969000044,
0.0999123850000005,0.0997527600000335,0.101367567999981,0.095387783000001,-0.212606358999972,
0.0811589500000155,0.0842065549999834,0.0726178570000156,0.0936862290000181,-0.172915168000007,
0.100556944999978,0.0965256560000062,0.0661092149999549,0.0948987759999682,-0.178835324999977,
0.0911151639999707,0.0993762639999882,0.0948538619999886,0.0624996629999764,-0.203790422000038,
0.0810632179999966,0.0676921519999855,0.0789168810000019,0.088947539000018,-0.187537153000016,
0.0786503150000044,0.103872110999971,0.107019398999958,0.0922734140000052,-0.206298161000021,
0.0995017559999969,0.0837233939999905,0.103841884999962,0.0863037380000146,-0.211939128999981,
0.0762528500000126,0.0746993040000048,0.0955009699999741,0.0629953000000255,-0.155080945999995,
0.0913680870000267,0.0868297180000382,0.0889618190000187,0.0876280850000098,-0.210394931,
0.0808809580000084,0.0713947779999726,0.063499228000032,0.107097548000018,-0.166702343000004,
0.0824395839999825,0.0932412240000158,0.0891308349999949,0.0766190889999684,-0.184110472000008,
0.0868430020000205,0.0489730179999997,0.0937855019999879,0.0733563839999842,-0.188927811999992,
0.0872497780000094,0.0968705369999816,0.0816808480000373,0.0737799009999999,-0.184503385999959,
0.0703182880000018,0.083976078999975,0.0743347490000469,0.0830019900000102,-0.214130325000033,
0.10358015399998,0.105201876999985,0.10453536,0.102804733,-0.212699865999999,
0.0851044010000128,0.0840493489999994,0.0690321109999995,0.0992792869999898,-0.163121690999978,
0.0624523980000226,0.0765677149999633,0.0628893909999933,0.121201391999977,-0.212003021000013,
0.0700748880000001,0.122293204999987,0.089841621999974,0.0908917730000044,-0.204181420999984,
0.0953100969999978,0.0929998870000413,0.114362632000003,0.0776013829999706,-0.225548040999995,
0.100703824000003,0.087127981000011,0.0819942869999895,0.103090355999992,-0.192654017999997,
0.0822113930000137,0.0895843700000232,0.117571026999996,0.0898946389999715,-0.192411037000006,
0.0841818480000111,0.0905158779999642,0.0819586240000008,0.0796022019999923,-0.222121372999981,
0.0884143110000277,0.0806705519999787,0.101040457999974,0.0994751310000302,-0.191274064999971,
0.0973271810000042,0.0810996219999979,0.0785781159999788,0.121246731000016,-0.198368105999994,
0.091193203000003,0.120473722999994,0.102899297999999,0.0779545849999904,-0.19220910900002,
0.0652456250000196,0.0618822730000256,0.088417249999979,0.111598347999984,-0.202274446999985,
0.0990498969999985,0.100458253999974,0.102602825000002,0.0698835359999844,-0.198399093000008,
0.0870067040000185,0.0806075559999613,0.076798557000001,0.0799419550000225,-0.173345514999995,
0.0888482080000076,0.0993537710000014,0.0929654489999907,0.0887361949999745,-0.207698227999947,
0.075070396999985,0.0840477030000093,0.0799526990000086,0.0857993270000129,-0.227656103999991,
0.0854283599999953,0.113836911000022,0.07973794400002,0.0803456780000142,-0.224767090999977,
0.0707614330000033,0.0762644939999832,0.111603731999996,0.0934984469999954,-0.209496670999983,
0.0894346999999884,0.0717467610000149,0.07022258500003,0.0881050150000283,-0.178610368000006,
0.0852068120000376,0.0872569369999897,0.107095497999985,0.0782432959999878,-0.202446255999979,
0.0860238200000385,0.103485870999988,0.0747439399999948,0.0891098389999756,-0.182662678999999,
0.063624440000001,0.128420377000011,0.094713542999963,0.100678339000022,-0.181046498999971,
0.0886253879999949,0.110879012999972,0.0884243990000155,0.0924874710000163,-0.169863244000025,
0.0755717429999695,0.0880592240000001,0.113835345000022,0.0877183380000074,-0.204645854000019,
0.0869889000000103,0.105708117000032,0.0926010999999908,0.107873112999989,-0.20299857800003,
0.076233886999998,0.0734938220000076,0.0968430109999995,0.0818956890000004,-0.193958259999965,
0.0969597229999999,0.0792752409999971,0.0710418279999853,0.0846064280000119,-0.19147921899999,
0.0943506760000105,0.0704780090000463,0.0789059000000129,0.0728619759999797,-0.220119202999991,
0.091205206000006,0.0974707999999955,0.0882024009999996,0.0993190289999952,-0.178786754999995,
0.0734155700000038,0.102253192999995,0.0843553620000102,0.106182842000037,-0.197311306000014,
0.071679144000002,0.0899967489999772,0.0814274410000307,0.0769152570000028,-0.191216359000007,
0.0955932710000066,0.0709211250000294,0.0705718239999897,0.0745761340000186,-0.231906244000022,
0.089806450999999,0.0826962759999938,0.111586150999995,0.0680960920000125,-0.182321818000031,
0.0950270150000288,0.0806381979999883,0.0949931889999902,0.113225312999968,-0.159913593000004,
0.0933514890000201,0.0751647050000001,0.0607932440000109,0.0989697100000189,-0.138013540999988,
0.0824708630000132,0.0707704710000135,0.107512996999994,0.0844235710000162,-0.21027391100005,
0.0833818549999892,0.0987576880000011,0.0814732470000199,0.0928098229999641,-0.177984952999965,
0.0803296619999983,0.0882621669999853,0.112001212999984,0.0919451230000254,-0.217932236999991,
0.0864672019999985,0.0840796420000197,0.058364644999996,0.0786788540000161,-0.153031578999976,
0.0767365299999824,0.0885325209999705,0.0895030039999751,0.0732022779999679,-0.162624768999977,
0.0952243120000016,0.093430040000017,0.0969803740000075,0.0919608339999832,-0.225316079000015,
0.120616979000013,0.079546744000008,0.113123813000034,0.0754669589999867,-0.235696636000028,
0.0920867620000113,0.0498073389999795,0.0929775479999948,0.0653349530000023,-0.205461654999999,
0.0915134930000036,0.0853486679999887,0.092628628999978,0.0796583940000105,-0.170909187000002,
0.0925514440000425,0.0856069129999546,0.0838403350000099,0.0967750040000165,-0.18448779799997,
0.0785943229999439,0.0769265950000035,0.0885331660000006,0.0788151459999945,-0.14687924000004,
0.0890749879999785,0.081694346999976,0.0977519050000033,0.0970709399999673,-0.220613548000014,
0.0956857860000296,0.102437000999999,0.0754892989999703,0.105269752000018,-0.178085173000023,
0.0591572999999785,0.0922670519999801,0.0888366769999739,0.0860710369999965,-0.158671413999975,
0.0650925199999683,0.113224970999993,0.0629013989999753,0.0721153260000005,-0.201200513999956,
0.119645627999997,0.0820420530000215,0.0907787470000308,0.0851912549999706,-0.218326691999985,
0.0648982429999833,0.0765841319999936,0.0747403979999822,0.0902134649999994,-0.238390205000025,
0.0822485400000032,0.0961214869999535,0.111212328999969,0.0766705380000631,-0.159643141000022,
0.0863496070000137,0.0848713440000342,0.0775148980000035,0.0680220639999907,-0.200264725999996,
0.0911599899999751,0.0887972870000144,0.106800549000028,0.0766617120000024,-0.183900459999991,
0.0854445120000091,0.0967310950000151,0.101550165999989,0.0851697970000068,-0.216114186999984,
0.0831445220000264,0.0892933610000159,0.0902225119999894,0.106541038000017,-0.216318454000019,
0.0972293099999833,0.0921168579999912,0.0848019349999895,0.0912912450000199,-0.19891649799998,
0.109725785999999,0.103817981000038,0.082031380999973,0.0777036259999859,-0.202047098999951,
0.0916890239999848,0.0888985599999919,0.0734343529999592,0.067123161,-0.152546668999992,
0.0885641770000489,0.0856702580000069,0.071244914999987,0.0797690749999924,-0.210646221999978,
0.082506149999982,0.0848597299999915,0.0836547930000052,0.0926191680000174,-0.216708889000001,
0.0845812330000117,0.089697414000012,0.116001252000009,0.0698751309999693,-0.189045773000006,
0.0790971589999986,0.0803709199999926,0.0736959390000138,0.0773867990000012,-0.162369743000009,
0.0718561220000156,0.0878321350000415,0.101448485000011,0.0866707079999946,-0.172710719000018,
0.0906665909999701,0.11926245299999,0.0907185059999983,0.0873834850000067,-0.217260419000018,
0.0957578710000162,0.0743491930000168,0.0953683999999889,0.10742645500003,-0.181097089000005,
0.0973642859999709,0.0956211159999862,0.0824611509999932,0.087028478000002,-0.220875614999982,
0.0924745460000286,0.0843975600000053,0.0932811679999895,0.0795448349999979,-0.190423723000007,
0.100488072999988,0.071226881000016,0.0823981839999992,0.0936686639999953,-0.156255633000025,
0.110007583999959,0.105051396000013,0.112521797000026,0.0908820459999984,-0.202051200000017,
0.0927611870000046,0.0747283579999803,0.0975590569999922,0.10265810800002,-0.205533090000032,
0.0903378879999841,0.0899635690000109,0.0877040040000125,0.0799941859999617,-0.198173906999986,
0.0976104319999972,0.103952889000019,0.0789126539999979,0.0959112720000244,-0.189624227000011,
0.0702320169999994,0.0929740000000124,0.0773361199999808,0.0896120490000044,-0.185068271000003,
0.0752783320000121,0.102291556000011,0.107470878999991,0.0855335079999895,-0.152713902999966,
0.0959990810000036,0.0887211610000108,0.10401545299996,0.0835350289999437,-0.196605370999948,
0.0755149119999851,0.104838494999981,0.0812329929999778,0.104146793000014,-0.193567182999967,
0.0794962819999969,0.0633761219999919,0.0709679969999893,0.0882754050000385,-0.197208900999977,
0.101827133000005,0.0985708250000057,0.0789962269999901,0.0970730810000168,-0.194014740999968,
0.085672581999987,0.105878743999964,0.0779922750000264,0.0795135169999753,-0.203050330000027,
0.103876822999999,0.10467626399998,0.0789909900000002,0.0951619230000088,-0.18770113399998,
0.0905830200000364,0.0727895200000016,0.0999587889999857,0.0740230920000145,-0.192236296999991,
0.0868601540000268,0.113550586000003,0.0788888240000038,0.0934788440000148,-0.188598209000041,
0.102500255000027,0.094997491999984,0.0770982209999629,0.0994009799999603,-0.176817514999983,
0.0604532089999866,0.0834281989999663,0.0822650560000015,0.0693539070000129,-0.199983256000006,
0.0848888170000068,0.11351466700002,0.0967592699999982,0.0799140179999686,-0.178968323000001,
0.0961142259999997,0.103793668999975,0.0949205979999811,0.0828848320000175,-0.169649039000002,
0.0703485879999662,0.121552738000035,0.078969624999967,0.0801199099999731,-0.213128990000014,
0.0739354740000044,0.0732889919999843,0.0710597559999851,0.0810625579999855,-0.164061741999985,
0.0975055690000281,0.0897714240000073,0.0763717670000069,0.0857474970000053,-0.196352264000047,
0.0905874109999877,0.070283781000036,0.0792048000000086,0.0861489090000264,-0.184853114999995,
0.0599106639999955,0.0585206459999586,0.0759737599999989,0.0693458769999979,-0.173627674999988,
0.09034804300003,0.0595699090000116,0.0671021099999616,0.0657680409999798,-0.18186551800003,
0.102475622000026,0.0891929299999811,0.0795621969999897,0.0847895849999763,-0.151308730000022,
0.113459894999969,0.0904000230000274,0.0859930909999739,0.0981597380000167,-0.18144576499999,
0.082506878999995,0.104602903,0.089278047000013,0.0675866849999725,-0.163650713999974,
0.0658346549999915,0.0851924799999897,0.0725582450000306,0.093133171999973,-0.251598792999964,
0.0801837520000431,0.0852088179999896,0.0812059550000063,0.0588823690000067,-0.207845441000001,
0.0875380020000116,0.0917648730000174,0.0778585110000249,0.0966239660000019,-0.180689487999981,
0.0529817000000203,0.0797810759999797,0.111539241000008,0.0853697729999731,-0.185218830999978,
0.0882954130000089,0.123139179999975,0.070681142999978,0.0931608020000217,-0.175141621999989,
0.108454643999994,0.109418166000004,0.0785873369999699,0.114184804000027,-0.217078043000031,
0.0699688649999775,0.082996166000029,0.0802256689999986,0.10789090200002,-0.178002580000024,
0.0876194409999926,0.0802696369999844,0.0759320860000339,0.0698449999999957,-0.168444573000027,
0.0872471540000138,0.08210418200001,0.0849887220000242,0.0980871330000377,-0.165677167999985,
0.0893635440000235,0.0637735839999846,0.092423676000019,0.0858244810000065,-0.221570729,
0.0957580280000107,0.0731494710000293,0.0707031080000429,0.107424433999988,-0.193863129000002,
0.0857829210000073,0.0848515950000015,0.0802448950000276,0.0730149650000099,-0.163975670999979,
0.0975865829999943,0.0851776110000037,0.107963681000013,0.0706689339999816,-0.204625969000017,
0.0992656210000205,0.0770359889999886,0.0888505430000209,0.083100878999966,-0.203566860999951,
0.0746015740000121,0.0833840410000071,0.104785230999957,0.0735668079999818,-0.185177459999996,
0.081532245999992,0.089254119000017,0.0776744219999932,0.108527894000006,-0.179149295000017,
0.102211628999964,0.0754844200000225,0.0910584829999993,0.0919865520000208,-0.197184953000024,
0.0837833350000169,0.0985482780000066,0.0762580430000439,0.103022779999954,-0.212879831999981,
0.062015669000004,0.113280061000034,0.097676752000003,0.0941932509999797,-0.188289677999967,
0.0772859499999877,0.0777374849999619,0.0811869799999645,0.0902039359999926,-0.199565866000016,
0.0695937150000195,0.0823398179999813,0.10630482699997,0.107061158000002,-0.177939904999966,
0.0842471709999991,0.0882934649999679,0.0656158679999649,0.0935484059999976,-0.19337084799995,
0.0817760240000143,0.122453471000019,0.0844895550000015,0.0667638909999764,-0.178793944000006,
0.0907443460000009,0.0975997209999782,0.100877941000026,0.10688527,-0.194037210000013,
0.087714277000011,0.0550869500000108,0.0616468350000209,0.065578044000019,-0.214079731999984,
0.0867032440000362,0.0731627520000143,0.0822546320000056,0.0565305589999671,-0.169446326000029,
0.103959868000022,0.0821126869999875,0.0934641189999516,0.111821527999966,-0.189847858999988,
0.0837934079999682,0.110041072000005,0.090176647999981,0.0908409060000131,-0.175195310000011,
0.0802749389999904,0.0696649640000373,0.0810551429999855,0.0652613009999836,-0.193711563999988,
0.0634156470000585,0.0894835650000282,0.0837174970000005,0.067060259000049,-0.173634590999987,
0.105169454000012,0.091730822999989,0.0851377790000047,0.104883968000037,-0.204936995999994,
0.078652556999974,0.0971348389999971,0.0663626219999869,0.0830069180000373,-0.153598639999971,
0.0823046170000189,0.106730877000006,0.081530040000016,0.0812730509999892,-0.225926352000028,
0.0635818549999708,0.0743366370000067,0.0833372809999778,0.0734729239999897,-0.220931428000004,
0.105632978000029,0.0783174540000032,0.0567070430000235,0.0737674899999897,-0.177406363999997,
0.090333899999976,0.0840773279999789,0.0751837459999688,0.0894905530000005,-0.190067509999982,
0.0917633510000073,0.0900624990000156,0.110114825000014,0.120477852000006,-0.199161188999995,
0.114089231000013,0.102729376000027,0.105643379999959,0.0814156279999588,-0.200934958000016,
0.0983516460000083,0.083828415000014,0.0599500809999981,0.115370331,-0.179619732999985,
0.060558532000005,0.0859920349999593,0.0690644050000078,0.0655112810000082,-0.170938005000006,
0.093501736000027,0.0908394139999655,0.110129165999994,0.0806241719999903,-0.223997130999985,
0.0818957019999725,0.0874223339999962,0.0778353280000215,0.0853744789999778,-0.188237270000027,
0.0840265280000062,0.0847726420000358,0.0851696149999921,0.0924007720000145,-0.181227612000032,
0.0876260480000365,0.0894845780000001,0.105763656000001,0.080198560000008,-0.197424609999994,
0.0928832600000069,0.0833376350000362,0.0807881039999688,0.0695516199999997,-0.211415211000005,
0.0859092490000053,0.0796164389999876,0.0885054540000078,0.0863732070000324,-0.185794520999989,
0.086643702000008,0.0958955380000489,0.0851665590000271,0.0776202760000169,-0.178839575000048,
0.0729484289999787,0.0935146910000108,0.0761664260000198,0.0881699010000034,-0.170784772999963,
0.0789590239999925,0.0984315849999994,0.110231700999986,0.109825253000008,-0.184390705999987,
0.0768262969999946,0.0946059290000012,0.0844094340000343,0.0744680559999983,-0.217544683999997,
0.0776865089999919,0.0892643819999817,0.107522030999998,0.10144391200002,-0.220258744999949,
0.0831002430000144,0.0850780609999902,0.0865101120000118,0.103625074,-0.179545395000001,
0.0795063029999865,0.114050347000006,0.0847996700000162,0.0804448739999943,-0.18262517599999,
0.0901103970000277,0.0916548280000229,0.0759286409999822,0.0723153239999979,-0.200660557999978,
0.104763140000025,0.071552881999979,0.0726100209999709,0.108724061000006,-0.202041584000007,
0.100006614000016,0.0941480729999898,0.0933193260000025,0.0831320490000203,-0.243861909999981,
0.0812940389999658,0.0728340250000033,0.0759385699999916,0.0740787460000347,-0.184719164000016,
0.0732952099999861,0.0917005209999793,0.0680128239999799,0.080441981999973,-0.223746284999996,
0.0927388260000002,0.0940190039999916,0.0738000060000022,0.0888758180000173,-0.261151370999951,
0.0780929900000101,0.0819683830000176,0.0915985060000262,0.0664714330000256,-0.185186730999988,
0.106924566000022,0.0884211660000178,0.0856001730000107,0.0670190579999853,-0.16406852999997,
0.0978690479999809,0.0924924700000133,0.0718566240000282,0.0855673089999768,-0.172657584000029,
0.0712548120000083,0.0797345099999725,0.107341803999976,0.0947144530000105,-0.211906677999978,
0.0840614390000019,0.0950413370000056,0.103131895999977,0.0691277310000037,-0.220895244000003,
0.108584845000014,0.107096346000005,0.0704734919999801,0.073263503000017,-0.206025204,
0.0848434609999913,0.0788093020000197,0.0886169150000064,0.0952254609999923,-0.186423640999943,
0.0988683509999746,0.0950115099999966,0.0954827840000044,0.0682459309999726,-0.220678311000043,
0.116973613000016,0.0717765060000188,0.0816177149999694,0.0603473959999947,-0.212707524000015,
0.078279315999996,0.0645522900000224,0.0772111590000109,0.08482852399997,-0.195032386999961,
0.0670503569999619,0.108514610999944,0.106039083999986,0.0924013080000095,-0.191916714999993,
0.104125185000017,0.0970614969999842,0.06757868799998,0.0662047949999956,-0.203249803000012,
0.0824004379999765,0.072045275999978,0.100154793,0.0809329749999965,-0.160536839999982,
0.0794622550000267,0.119863160999995,0.0751904860000372,0.0935391049999921,-0.170416154000023,
0.0887750150000033,0.0840768120000103,0.0819760909999991,0.104881416000026,-0.22101249300001,
0.0830530649999855,0.0893850890000385,0.0632600259999908,0.0953058500000193,-0.219042941999993,
0.0870178819999887,0.0726819739999928,0.0629650370000204,0.095122062000019,-0.152137769999988,
0.0795327180000163,0.0886735270000045,0.0918356830000225,0.0861028420000366,-0.20746274899998,
0.0596502049999995,0.0941595940000175,0.0885552150000035,0.0729221859999857,-0.189100887000029,
0.0842887749999818,0.079952335000014,0.0916742839999961,0.0909144139999953,-0.194876543999948,
0.0981852030000391,0.0877447029999817,0.0919366369999811,0.0854070539999652,-0.224482021999959,
0.108808974000007,0.0963825329999777,0.0688852450000113,0.108808974000007,-0.169081620000034,
0.10583478900001,0.111820909,0.084946453999999,0.100356041000039,-0.239575938000015,
0.0785100849999772,0.0896806510000056,0.0720682740000379,0.0876582389999935,-0.228822504999943,
0.0828746390000174,0.0882332320000019,0.0898547229999972,0.0856803830000031,-0.185229050999972,
0.0971746569999959,0.0973537999999562,0.0971746569999959,0.082384337999998,-0.197415695999997,
0.104849856999994,0.0742571920000014,0.0817521509999815,0.0846980730000141,-0.235800773000011,
0.0923330400000041,0.102318780999994,0.0896043510000095,0.080020355999995,-0.187800989999963,
0.0671352729999994,0.0843451480000072,0.0970282809999981,0.108418539999993,-0.204248825000007,
0.106261809999976,0.0880032650000235,0.0871068250000003,0.111565701999989,-0.204381975000036,
0.0720168130000102,0.0626413099999709,0.0905283280000053,0.0947812879999833,-0.229259315000017,
0.11057266199998,0.0872871119999859,0.100173481000041,0.0800450059999775,-0.20794816999998,
0.123305153000054,0.116018673000009,0.0919105040000072,0.089453244000018,-0.199244924000023,
0.0772828489999815,0.0984657839999854,0.0951804230000002,0.0862793509999669,-0.197081896000019,
0.109033742999943,0.0774171450000008,0.0886100070000025,0.0967897510000662,-0.175435936999993,
0.0799675249999941,0.114347885999993,0.0935259639999349,0.0706831120000261,-0.188566402000019,
0.106580510999991,0.0909671429999903,0.0884818550000064,0.103970662000001,-0.226278719999964,
0.109061665999999,0.085892623000017,0.0917934729999906,0.110292993000016,-0.202708993,
0.0763931280000115,0.0837752660000251,0.0884926149999756,0.0642498920000276,-0.162330526000014,
0.0845162810000306,0.0819802679999984,0.10267690300001,0.0920641020000539,-0.168032632999985,
0.0816674019999878,0.0826409699999849,0.106895811999963,0.0587255469999991,-0.209028249999984,
0.0933544280000065,0.0916379999999822,0.0875531509999769,0.0856037950000064,-0.17677423299999,
0.0794439169999991,0.0957332389999865,0.0999110800000003,0.0918922750000133,-0.200131837999957,
0.0960343159999779,0.0898433219999984,0.0722648250000161,0.0867823030000104,-0.196298819999998,
0.0947915949999788,0.097487715999991,0.0844522570000195,0.0752889670000072,-0.192889722999975,
0.0687925979999995,0.0738004709999991,0.0888385599999706,0.0638460980000118,-0.197479234000025,
0.0877192970000051,0.0807273970000092,0.102057668999977,0.0910141289999992,-0.243526973000017,
0.0771273339999998,0.099294940000013,0.0753990540000232,0.0795655010000269,-0.218740857000005,
0.0866045860000031,0.0823922070000203,0.0703737329999881,0.0751127290000022,-0.150023123999979,
0.0820331469999924,0.0885148169999866,0.0883131489999678,0.0755834060000357,-0.197104129999989,
0.0671350839999795,0.0921100989999964,0.0895351789999918,0.0981695259999869,-0.138849674000015,
0.107629777999962,0.10202705500005,0.088319365999997,0.10979487999995,-0.189506034999984,
0.0892242790000187,0.0773674480000204,0.0773727489999992,0.109604041000015,-0.164655342999985,
0.113359758999999,0.102658272999967,0.0917406530000107,0.0927723789999691,-0.178554806000021,
0.0880014329999785,0.116433295999961,0.092286846000005,0.096637629999992,-0.164859974000045,
0.0897484850000105,0.0921663109999499,0.0909776839999708,0.0821726179999928,-0.201643810000023,
0.0985209629999977,0.0683368400000127,0.0763635249999998,0.0720649289999988,-0.206370520999983,
0.0687282400000067,0.0759966249999748,0.0909716120000276,0.0739697730000262,-0.209590143000004,
0.0922084379999878,0.0924367360000042,0.0703823870000092,0.0743460500000429,-0.223921500999985,
0.0709920069999635,0.0833223210000237,0.0674917030000438,0.0811235150000348,-0.200410852000013,
0.102910554000014,0.0851855640000072,0.0925380320000336,0.0928189630000115,-0.148802814999994,
0.0658500920000406,0.0947027979999975,0.0864909079999807,0.0764246109999963,-0.228486523000013,
0.0699049509999622,0.0933205239999961,0.0794769279999941,0.0959748010000349,-0.194690420000016,
0.0673617910000166,0.0898313769999945,0.0977219669999836,0.0892398929999872,-0.196824907999972,
0.0849540309999711,0.0885968250000169,0.0954423089999741,0.0980894729999936,-0.207593790000055,
0.104518556000002,0.0888619650000073,0.0645846810000085,0.0891553849999814,-0.192899170999967,
0.0892761560000135,0.0814592479999837,0.0817905739999987,0.107674243999972,-0.213263423000024,
0.093161324000017,0.101403656999999,0.0751015299999895,0.100241550999967,-0.187438954999977,
0.0918977699999973,0.0991783719999967,0.0995256799999766,0.0864781559999847,-0.151186500999985,
0.0832682149999814,0.0849328069999833,0.0690360230000401,0.0964019710000175,-0.20007920099997,
0.0496970229999833,0.094955401000027,0.10638267000001,0.0922578140000132,-0.173025798000027,
0.0750490939999659,0.0868309099999897,0.06742476299998,0.06742476299998,-0.184354102999995,
0.0869502120000111,0.107498883999964,0.088255384,0.0989712730000142,-0.193783584000039,
0.0821319839999865,0.0695651520000474,0.0962463420000154,0.0897953039999993,-0.192955669000006,
0.0648944349999797,0.111603714999957,0.0753093639999856,0.0732177019999945,-0.207085174999985,
0.0857583960000225,0.0613645580000016,0.0861587210000043,0.068546193999975,-0.191166609,
0.0985396910000036,0.0640465730000278,0.0907707519999954,0.0875746140000269,-0.210150501999956,
0.0929038390000101,0.0780812030000129,0.0696350300000231,0.108611097000036,-0.200902679999959,
0.0686678300000226,0.063726668000003,0.0877207669999898,0.0816737180000055,-0.167182330000021,
0.0896393530000005,0.0740692530000001,0.0596611320000129,0.0946939510000348,-0.195287135000051,
0.0749979509999875,0.0771918390000246,0.0742686680000302,0.0469092109999956,-0.219908329999987,
0.089253590999971,0.0779519280000163,0.101253098000017,0.0821318350000274,-0.175305347999989,
0.0803766110000133,0.0723903690000088,0.111490659,0.090494979999984,-0.193591492999954,
0.084420653999965,0.073278446999991,0.0815777129999774,0.075145324999994,-0.202998439999997,
