0.0977074410000059,0.0917709890000306,0.0862073019999948,0.0734016200000115,-0.338528902999985,
0.0942721110000034,0.0670574970000421,0.0811985300000219,0.103242058000001,-0.234040712000013,
0.0939613750000485,0.0737675950000294,0.0808337059999922,0.083466692,-0.27662501900001,
0.0920154959999986,0.0897867700000074,0.114291228999981,0.109770225000021,-0.303319075,
0.0817028280000027,0.101008434000019,0.108664295000013,0.105754122999978,-0.316580629000039,
0.0929271169999961,0.109461204000014,0.102281716000003,0.0801759259999894,-0.284218747000013,
0.103116967999983,0.0796498840000168,0.0812019129999617,0.0806987099999833,-0.318940194000016,
0.0709778220000248,0.0989666059999872,0.0912216140000032,0.0905570710000011,-0.288134305999999,
0.0585568429999989,0.0993433019999861,0.0691649949999692,0.0691649949999692,-0.330893417999981,
0.0690069250000192,0.0819852220000289,0.0991753420000141,0.0802901829999928,-0.291357852000024,
0.0736653959999812,0.0800778109999887,0.088604529999986,0.103885959999985,-0.258592758999982,
0.0927944630000261,0.0623773180000376,0.0780756680000086,0.0793650359999938,-0.27229028299997,
0.081517748999991,0.0824206699999963,0.108302344999937,0.0693503109999783,-0.294435551999998,
0.0869334349999849,0.096585349000009,0.0826836949999779,0.0737820360000014,-0.302235890000011,
0.091368018000036,0.108234000999953,0.0994827150000092,0.0867449520000314,-0.256561861000023,
0.0990118829999515,0.100577603000021,0.0889519029999824,0.0821048849999834,-0.267929512000038,
0.108530469999988,0.0792265740000348,0.0794671920000114,0.0849929609999976,-0.26234729699997,
0.075580592999976,0.102393772000011,0.0946514110000126,0.0779222330000052,-0.282039752999994,
0.0809654330000135,0.0801500319999682,0.0856585749999776,0.0853242030000129,-0.277451129,
0.085860701999994,0.117662260000005,0.0778005429999889,0.0849317739999947,-0.29754071700003,
0.082104296999973,0.0889495790000215,0.0753235650000097,0.0733315200000347,-0.280935498000013,
0.0762889540000074,0.0818954320000007,0.104564533000021,0.0925230169999609,-0.28058454400003,
0.0738445549999965,0.113890492000005,0.101096260000022,0.0827030089999903,-0.271794767999971,
0.0868932599999966,0.0670334030000167,0.091234921999976,0.0657721640000054,-0.234407303999987,
0.116996071000035,0.0955868649999948,0.103362781999997,0.0660473779999993,-0.293867184999979,
0.0781051910000019,0.0646988649999967,0.0999226280000098,0.130164061000003,-0.27208639599996,
0.0688735189999602,0.069157659000005,0.0762269940000028,0.0713735609999881,-0.280993832,
0.0878979840000075,0.0623820539999924,0.0665893659999992,0.0827426130000008,-0.263392229999996,
0.0865743289999909,0.092288980000023,0.0799984210000202,0.0826578730000488,-0.279538087000032,
0.105075021999992,0.111284512000013,0.0901937860000294,0.101967857000001,-0.235231984000006,
0.0981009119999858,0.087102878000002,0.0845381169999955,0.0982368209999931,-0.32557125699999,
0.0978724490000313,0.107103732000003,0.0861051720000155,0.080314358000001,-0.299749267000017,
0.116801744999963,0.103676656000018,0.0962654170000233,0.0958582709999996,-0.275489363000006,
0.0877913599999983,0.0919914640000043,0.0804935550000059,0.109570794000031,-0.321375919999983,
0.0820403680000063,0.0910894689999695,0.0932279550000094,0.0792083749999792,-0.26580590400001,
0.0836287030000294,0.112243057000003,0.0887458589999865,0.099602450999972,-0.28135455200005,
0.0719694769999937,0.0753564120000533,0.116242875999987,0.104073707999991,-0.290918639000002,
0.117984782000036,0.0765440309999808,0.106675226000003,0.0979858779999936,-0.294928092000013,
0.091231206999988,0.0753634840000041,0.125190358000004,0.0996402870000224,-0.280072110999994,
0.0901035150000152,0.0934473750000075,0.106767797999998,0.092167699999995,-0.293595024000016,
0.0715312520000284,0.0780501799999943,0.0793266620000277,0.0919982480000076,-0.239245069000017,
0.0983094429999778,0.119666655000016,0.100134953000002,0.087326117999999,-0.320808398999995,
0.0962862759999912,0.0832203680000102,0.0936657500000151,0.078208244999963,-0.287461609000023,
0.100887074000012,0.0983212210000347,0.0785622110000177,0.102015999999981,-0.305006165999977,
0.0760969920000221,0.103525687999997,0.0929236720000299,0.109303134000002,-0.309688553000038,
0.0756026780000097,0.0986460830000278,0.0840195159999603,0.101107139,-0.294964276999989,
0.0858063070000126,0.0836337080000367,0.076671788000016,0.0983341890000083,-0.29968283700001,
0.0851437440000195,0.0896175799999896,0.0801409489999769,0.0921846309999778,-0.27161647900002,
0.0921153439999921,0.0933236939999883,0.0935401579999771,0.0863224729999865,-0.293687861000003,
0.0687750160000105,0.0821323129999923,0.0871096599999996,0.0863465229999988,-0.304284841999993,
0.0823148349999497,0.0946562120000003,0.0804708230000456,0.112405298999993,-0.244840425999964,
0.104411357999976,0.0808482470000436,0.119471066999997,0.0936868369999847,-0.275673104999995,
0.0939182710000045,0.0975466110000007,0.0793887720000334,0.0907497700000145,-0.286887615999981,
0.0916019209999986,0.102235861000028,0.0838272390000034,0.0855947560000077,-0.279549800000002,
0.103393878999994,0.0930841620000037,0.101510390999981,0.0819576459999776,-0.31819165900001,
0.079363187000014,0.0691739520000169,0.0756792230000178,0.0711942019999719,-0.327141877,
0.0830210049999855,0.069892217000001,0.0893704689999877,0.0735411329999847,-0.246504807999992,
0.082808368999988,0.0892324059999742,0.0759678949999984,0.0624500860000071,-0.256122115000014,
0.115082691000006,0.0824391879999853,0.108424400000005,0.101917309999975,-0.312010360999979,
0.0971497599999993,0.0883683300000143,0.105996414000017,0.0918579019999752,-0.311213351999991,
0.0991771019999956,0.0991771019999956,0.0853362380000149,0.0880874359999998,-0.266534026999977,
0.10550507599998,0.111906033999955,0.102210153000024,0.086498929000003,-0.31629062900001,
0.107675300999973,0.0931562029999877,0.0745572269999843,0.0859457199999874,-0.29940440299998,
0.0751859099999924,0.0877874670000128,0.0949239139999645,0.08910924200005,-0.300173767999951,
0.0877958240000294,0.0774041770000231,0.0757450959999765,0.0833538290000111,-0.248885769999981,
0.0985596530000053,0.0753254910000046,0.112636940000027,0.0789907370000351,-0.303558288999972,
0.0937758560000357,0.110894980000025,0.123058955999985,0.0868046370000443,-0.354688477000043,
0.0775082029999571,0.0856446390000083,0.0843675210000238,0.072989339999981,-0.296306078000007,
0.0813216919999909,0.0911843790000066,0.0974740860000366,0.101956867999997,-0.299239325999995,
0.0547441739999958,0.0753817179999992,0.0579898130000242,0.0940537759999916,-0.255713639000015,
0.0818323190000206,0.106522944000005,0.0782449639999986,0.10068079800004,-0.276637640999988,
0.0951031410000114,0.0903437969999754,0.0800509380000112,0.101432688000033,-0.302426667000003,
0.105491255999962,0.0911218560000038,0.0998524159999765,0.0908182359999855,-0.325914951000015,
0.102004099999979,0.0817259130000079,0.0980430200000137,0.0844430650000149,-0.303134487999984,
0.108421448000015,0.0796831240000147,0.0635994129999835,0.0790593400000339,-0.296815350000002,
0.0968741499999614,0.0912311399999971,0.0954877649999839,0.120294305999955,-0.346351535000007,
0.0948878300000051,0.108479144000021,0.0932152289999826,0.0671294509999939,-0.321948393999994,
0.0907868510000198,0.0942228629999822,0.0842022469999893,0.0910550720000247,-0.296114603999983,
0.0752624359999782,0.0844402720000026,0.0922794299999923,0.113315610000009,-0.330273790000009,
0.0724961370000069,0.0989001380000004,0.0934937149999819,0.0905850460000047,-0.268217673000017,
0.0787023099999728,0.112940800000045,0.105850375000022,0.109539023000015,-0.271587466000014,
0.0949175329999689,0.0821439049999581,0.0746197190000321,0.102829868999957,-0.24853594299999,
0.0942237149999874,0.0937611390000143,0.0771219590000401,0.0765397559999851,-0.239383759000003,
0.0941681160000126,0.078173968999989,0.0788450260000081,0.111666611000008,-0.300833175000027,
0.0717482289999971,0.0665024540000131,0.102317750999999,0.0982422610000081,-0.268275905999969,
0.0757511659999946,0.0743377119999936,0.0670838099999864,0.0876543069999743,-0.273810341999966,
0.0773390669999931,0.0828474080000178,0.0715998070000082,0.0810531949999995,-0.311849969999947,
0.0912530470000625,0.0887290790000211,0.0866396220000229,0.100935264000011,-0.307227802999997,
0.131630484000048,0.0914875939999897,0.0988186079999823,0.0853623200000411,-0.308558785,
0.0695676879999733,0.0652293180000133,0.0834611850000283,0.0814929659999825,-0.27252886400003,
0.0732129969999664,0.115944575999985,0.0811392559999936,0.0897760539999781,-0.287086499000029,
0.0598063229999966,0.0988757280000127,0.0932098999999907,0.0849149579999821,-0.254387077999962,
0.0833862589999981,0.104809655000022,0.0952112419999989,0.0820581059999795,-0.302594416999995,
0.0973506760000182,0.0763755990000054,0.0793415249999962,0.0940686000000019,-0.316355388000039,
0.0704023839999932,0.0855461239999795,0.0717237359999981,0.0807093689999792,-0.25199633300004,
0.098552186000049,0.062525123999998,0.0766311900000437,0.0604666859999529,-0.295836450999989,
0.0900117840000071,0.069585461000046,0.0874647439999612,0.0828458959999748,-0.275576169000021,
0.0952724489999928,0.0825615789999765,0.0704568169999925,0.0637358170000302,-0.314041964999976,
0.0872194500000378,0.0839548219999961,0.0738201099999837,0.109624222000021,-0.268458673000003,
0.0661249330000151,0.0969867569999688,0.0948560630000075,0.0948560630000075,-0.298396007999997,
0.083706786000007,0.112662610999996,0.12176683300003,0.0606806389999997,-0.313688127999995,
0.122777756000009,0.0621420690000077,0.0747931979999898,0.0915050980000146,-0.316952397000008,
0.0956917660000054,0.105842025999986,0.0821090679999975,0.0853646700000045,-0.315284626000014,
0.117884505000026,0.105939326999998,0.10392319399999,0.084798804000005,-0.326885449000031,
0.0903320840000165,0.0880410379999939,0.0835618849999996,0.099380963999974,-0.299526635999991,
0.0806812510000091,0.0617171170000151,0.097652461000042,0.0823511469999971,-0.298222388999986,
0.0711299949999934,0.095650840999986,0.0938204530000066,0.0821044929999998,-0.244304155000009,
0.0986333900000104,0.0961320750000104,0.0875221950000123,0.0876341160000038,-0.248127725000037,
0.116614093000005,0.0914304050000064,0.107630271999984,0.0931209799999888,-0.314694037000028,
0.0828074389999943,0.0901702269999791,0.0661838179999886,0.105636990999977,-0.285697136000029,
0.0895894939999994,0.0622441859999903,0.097845861999956,0.0873638659999979,-0.243611270999972,
0.116673878999959,0.0859748390000291,0.106671615000003,0.110994584000057,-0.313807990000017,
0.091965433999982,0.115196874000026,0.0871349730000134,0.0967952539999897,-0.286974793000025,
0.109621828000007,0.0960995959999791,0.115228690000029,0.0957641249999651,-0.299126109999991,
0.0871441539999719,0.122775473000001,0.0973610190000541,0.0818797510000227,-0.285841286999973,
0.0972690150000062,0.0793915780000148,0.0705306329999985,0.0836018669999894,-0.280996645000007,
0.0744893219999735,0.0806482140000235,0.10380697899997,0.099872406999998,-0.293801515000017,
0.131208105999974,0.0966787250000057,0.0942004190000434,0.0948494729999843,-0.273882185000002,
0.08073960700003,0.0651389399999848,0.0893654200000246,0.0952781069999437,-0.324567780999985,
0.0981791350000144,0.0725479280000309,0.0954738770000126,0.110274716000006,-0.338912394999971,
0.0834743409999983,0.102432878000014,0.0925951109999992,0.0882937599999805,-0.255329821000007,
0.100794406000058,0.0616396140000052,0.0874753420000006,0.0923726879999767,-0.250642050999967,
0.100516887999969,0.0912634379999722,0.0880559339999973,0.0519223909999823,-0.266618749999995,
0.0579167880000118,0.0813601410000188,0.102178137000032,0.0596237479999859,-0.318015370000021,
0.0947718710000136,0.0825958339999725,0.096541840000009,0.0847990390000359,-0.283750525999973,
0.0963672350000043,0.0763102139999855,0.101702868000005,0.0761408489999958,-0.30794909099998,
0.112253785000001,0.112253785000001,0.104522487999999,0.0828373429999774,-0.288129731000001,
0.0898612579999617,0.0907802550000006,0.102418559000024,0.0868806560000176,-0.277744144999974,
0.0650562779999918,0.0890948800000083,0.0975566989999838,0.0912185710000103,-0.221152842000048,
0.0866356269999765,0.0674875359999883,0.0802003889999855,0.0842863859999993,-0.275494195000021,
0.0753029779999547,0.0770376810000002,0.0801900259999879,0.0729681299999847,-0.309972307999989,
0.105691584999995,0.0782086449999729,0.0797327170000103,0.107970110999991,-0.307053682999998,
0.109632760999971,0.0843787150000253,0.0929246550000507,0.0764193110000197,-0.300102785999965,
0.108365093999993,0.109832776999995,0.103665932000012,0.104344706999992,-0.325270970999989,
0.0904954260000095,0.093257163999956,0.108876278999961,0.083250403,-0.271348947999996,
0.0896704759999798,0.0795256240000131,0.115988003999993,0.0806852350000186,-0.289187009000007,
0.100641586999979,0.10785138000002,0.114985101000008,0.0773510529999839,-0.297379584000001,
0.103027123999994,0.111599373000006,0.127327393000048,0.0786272069999914,-0.325304745999982,
0.0979498330000029,0.0834058559999967,0.0899311509999543,0.0795035410000128,-0.318553454999973,
0.0681082649999248,0.0953154349999854,0.0758652159999838,0.0866606369999995,-0.276975551000015,
0.0783368900000169,0.0836863990000138,0.100892490000024,0.0669236300000189,-0.30583593099999,
0.0976611370000078,0.0812452779999949,0.0739405819999888,0.0945618020000084,-0.287842638999996,
0.122956647000006,0.101758121000023,0.0839223099999854,0.0902199600000254,-0.266694633999989,
0.108693649000013,0.106257524000012,0.085995492000005,0.0711470440000239,-0.338030808000006,
0.0909683070000015,0.0766380059999706,0.121780878000007,0.0687934159999959,-0.286153352000024,
0.112026191000002,0.0871267499999904,0.086235609000008,0.108550593999996,-0.303146269000004,
0.0803182689999953,0.0638906399999914,0.0895403519999986,0.099253708999991,-0.264074252000023,
0.0758230559999756,0.0892293560000194,0.0789549830000069,0.083205218999994,-0.275264189000016,
0.0866500000000233,0.05874759700001,0.0757984119999905,0.0712672399999919,-0.307744115999953,
0.0901560330000098,0.0923529140000205,0.0822131269999873,0.0935459640000058,-0.286187249000023,
0.0894661950000072,0.0986103230000272,0.0833272499999662,0.0784048920000132,-0.304316623999991,
0.0906702470000432,0.0937636309999789,0.0904483959999807,0.0702381389999832,-0.301890008999994,
0.0897607530000073,0.0925759559999865,0.0753479719999491,0.117486328999999,-0.315940531999977,
0.0709268340000117,0.0655041689999925,0.0841179720000578,0.109392768999997,-0.271618924999995,
0.0946632540000378,0.0851836750000257,0.0884032050000305,0.0688533019999713,-0.325774214999954,
0.0966121109999876,0.0878629770000016,0.0966121109999876,0.084573515000031,-0.322530875000009,
0.0814435570000219,0.0641874279999897,0.0920316290000264,0.0732370520000059,-0.256261722999975,
0.078923756999995,0.0746275529999853,0.0975238360000185,0.0937002459999881,-0.279536568000027,
0.0717367479999821,0.0824416609999707,0.0747844930000133,0.0925589080000182,-0.269759307999976,
0.0615582949999985,0.108013296999981,0.0875783200000042,0.0680794100000203,-0.342523572000005,
0.105141233000012,0.0922190589999768,0.0942115579999872,0.0826891700000324,-0.313013534000009,
0.102566868999994,0.0813943079999558,0.0851523900000161,0.092129019999993,-0.261826650000027,
0.0740432889999961,0.0797029459999731,0.0831581580000329,0.111121476000008,-0.274787786000024,
0.0829812029999589,0.107452959999995,0.0796735459999736,0.0801442480000469,-0.300698971000037,
0.0898001700000318,0.0910412390000251,0.0654059990000119,0.0654059990000119,-0.266615798000035,
0.0567872949999755,0.0900349500000093,0.0708193999999771,0.0835130720000179,-0.273838505999971,
0.0979501550000145,0.0902379349999692,0.0979786440000307,0.0993547689999814,-0.315358162999995,
0.0832979260000002,0.0740329950000078,0.12775270199997,0.075624817999993,-0.277586691000016,
0.0751593520000015,0.10550361399997,0.10093403299997,0.0973482539999563,-0.294172988999992,
0.0853262270000087,0.076890469000055,0.0738126619999939,0.0661899030000527,-0.299473911999996,
0.0926358860000068,0.0872905650000243,0.0928228940000281,0.090340366999998,-0.284090871000027,
0.11051850599997,0.0876276909999638,0.0846520639999967,0.0995442509999912,-0.303388354000002,
0.093393024999973,0.0678951809999935,0.102287115999999,0.0740528970000173,-0.264254920000012,
0.0965011110000073,0.0997127590000177,0.0834295410000491,0.0929629119999827,-0.311756628999989,
0.0863031359999991,0.0863031359999991,0.0967469410000094,0.0877979449999789,-0.280657080000018,
0.0873960889999848,0.0814049100000038,0.0904952999999878,0.0869086730000008,-0.295764772000028,
0.10173480700001,0.0883034590000093,0.105498879999976,0.0908737670000087,-0.306678056999991,
0.090725184000004,0.0911147899999769,0.100468683000014,0.0993073629999899,-0.272266958000025,
0.0784991150000283,0.0904684359999992,0.0889557479999899,0.0799376800000159,-0.290036291000048,
0.0843204390000083,0.105944866999979,0.111488290999963,0.105809025000018,-0.304562694999996,
0.0673430340000082,0.0827076370000132,0.0798837839999819,0.106715943000001,-0.316315036000002,
0.117092129999998,0.0623981680000034,0.0997099250000006,0.0662331129999998,-0.316799744999976,
0.0798528619999997,0.0982699790000247,0.0888489370000343,0.0950915439999621,-0.281661679000022,
0.081076160000036,0.103440869999969,0.085106321000012,0.0740866189999824,-0.304284959000024,
0.0709818510000014,0.112841845999984,0.0911384399999556,0.105787191999965,-0.351623296999976,
0.0806281789999825,0.110926069000001,0.0865638880000101,0.103185387999994,-0.308533318000004,
0.0851651809999999,0.0961560550000086,0.10886976199996,0.0751701000000207,-0.265262396999976,
0.0943012299999818,0.083626324999962,0.0890084220000053,0.0712611220000244,-0.277282884000037,
0.0898519489999931,0.0935485419999868,0.0849327829999897,0.104346523999989,-0.29083544900002,
0.0839340040000238,0.0842814510000303,0.102851247999987,0.0861330069999781,-0.287162383000004,
0.0838795800000298,0.0871400029999754,0.0903952139999701,0.0898725369999815,-0.322585767000006,
0.101217557999993,0.0875818339999505,0.082710020999968,0.0819076520000417,-0.27228867499998,
0.0984874580000041,0.0984874580000041,0.111613026999999,0.0685781930000212,-0.319400465000032,
0.112957536000021,0.102404048999987,0.0862652769999686,0.0893318349999722,-0.272206253000013,
0.0958732280000172,0.0809357090000071,0.106223557000022,0.0700844109999894,-0.242574119000024,
0.0787550619999843,0.0801913400000553,0.0839510590000214,0.0876721690000345,-0.269311432000007,
0.0747841320000348,0.0882505210000122,0.0920927679999968,0.104542620000001,-0.256574204999968,
0.110432649999971,0.0648080210000385,0.100447907000032,0.0876690170000115,-0.297281264999989,
0.0954881439999931,0.0758014900000153,0.0683431510000219,0.0794770779999985,-0.295747887000004,
0.0984719219999788,0.102398256999973,0.0840774539999797,0.0855189990000185,-0.288742205000027,
0.0790672630000067,0.092312381000012,0.0756135630000276,0.0969430960000495,-0.261464044,
0.0964472919999944,0.0770507059999823,0.128686506999994,0.0947231560000341,-0.28317256700003,
0.0870251499999922,0.0684447339999892,0.114683826000009,0.0988383630000094,-0.271553546000013,
0.0896068440000054,0.0770314519999624,0.0869310069999792,0.115985504000008,-0.276239760000029,
0.0831250589999827,0.0933410639999811,0.0778385319999966,0.0922734769999902,-0.286370792000019,
0.098924486999967,0.0670150610000196,0.0931738739999637,0.0708288079999784,-0.327175472000021,
0.107868494999999,0.0870346469999918,0.0715772179999722,0.0919159199999913,-0.256009189000009,
0.101075861000005,0.11325984200003,0.101495050000006,0.0856925809999984,-0.275786454000025,
0.0847502769999869,0.0854461319999905,0.0720263550000263,0.0781120040000428,-0.330361597000005,
0.0916311220000157,0.0903994279999974,0.0904165509999962,0.0941018079999772,-0.275907843999988,
0.0790639999999926,0.0790639999999926,0.078573408000002,0.111697289000009,-0.270672608999998,
0.0973171869999896,0.0926011559999834,0.0792189589999848,0.0751961709999641,-0.266408694999974,
0.08712465600003,0.0695313779999838,0.0774520219999922,0.0813231540000056,-0.288116764999992,
0.077223564999983,0.0853017750000058,0.0748470929999608,0.0685833919999832,-0.231190694999988,
0.0898948819999619,0.0801783850000047,0.0937096069999757,0.0734393189999873,-0.269586876999982,
0.0841537029999654,0.0602036649999982,0.0643312940000365,0.0834286560000119,-0.275074876000006,
0.0774112510000045,0.0943754859999945,0.12210350300002,0.0819434430000165,-0.297400020999956,
0.0890807409999807,0.0803360480000242,0.0935914119999952,0.0817296900000142,-0.232959124999988,
0.0801900900000078,0.0981270419999982,0.0917514369999844,0.0942293919999779,-0.275302370999988,
0.110248101999992,0.0979001890000154,0.10559358399999,0.0946163969999907,-0.270932598000021,
0.0820668600000249,0.116532467999993,0.0921384760000092,0.0755041469999601,-0.311916716999975,
0.077266305000021,0.0734235629999689,0.101000176999994,0.0909187229999848,-0.274147976999957,
0.0807911520000062,0.091983643999989,0.0970726929999778,0.0857323269999788,-0.295370937000009,
0.103956422000019,0.101400398000063,0.0757538230000182,0.0909169209999904,-0.251906705999995,
0.0825134220000132,0.0847320919999697,0.102566153999991,0.0680962520000603,-0.311186673000006,
0.085136245000007,0.0870168470000285,0.107760364000017,0.108355232999993,-0.314929422000034,
0.0846108339999928,0.0820941380000013,0.104489873000016,0.0949906160000328,-0.303670526999975,
0.098949534000003,0.100202719999969,0.107695250000012,0.104052664000012,-0.29582034400002,
0.0660514799999937,0.0915721590000285,0.0988397039999982,0.100940325999994,-0.287653647000006,
0.0929410420000108,0.0958855389999922,0.0609863359999927,0.0923243580000021,-0.322632987999988,
0.102544752000013,0.0861182989999961,0.0734950579999868,0.10788735899996,-0.329388267000005,
0.0665917630000281,0.0879314769999978,0.0795590009999833,0.0705992830000282,-0.268131695000037,
0.102837791000016,0.118008708999972,0.084208174999982,0.0944526069999965,-0.267759791999949,
0.0962768439999672,0.128881138999986,0.0832650970000223,0.100412200000012,-0.279024057000021,
0.086691450999987,0.0866740770000024,0.120857166000009,0.098326028999993,-0.279511625000022,
0.0778445110000107,0.0978882970000013,0.113107517000009,0.110659894999993,-0.312200747999976,
0.0831202030000009,0.076079374000029,0.0928087390000273,0.0759581120000375,-0.281557862000031,
0.0945834190000014,0.0861191130000138,0.0650134760000201,0.0945834190000014,-0.275199245000002,
0.106222854000028,0.0793986099999779,0.0939602589999863,0.0808760449999927,-0.305765951999988,
0.0842547779999877,0.0999898990000061,0.0849269980000263,0.0912141210000082,-0.281309070000003,
0.0868983099999918,0.107944841999984,0.077130901999974,0.100702437000042,-0.251794469000009,
0.0878267780000233,0.0898754400000048,0.079317875000007,0.0891962449999978,-0.284996215999971,
0.0937950970000124,0.0778681549999542,0.124948900999989,0.109095543000021,-0.323209290000007,
0.0791071320000287,0.0952252999999891,0.0826951360000021,0.0770460290000196,-0.290129662999966,
0.113582415000014,0.0625160529999712,0.0842332099999658,0.0874899699999942,-0.240947819999984,
0.0843892060000053,0.0880544999999938,0.0634501200000177,0.0776885250000228,-0.285468885999957,
0.087619925999968,0.0713383070000277,0.0887465690000263,0.0780352990000038,-0.274707103000022,
0.104210182000014,0.0564388879999897,0.0691664279999904,0.0802973680000141,-0.251410237000017,
0.0733506159999615,0.0854997369999956,0.0827610339999696,0.0737090790000239,-0.311771765,
0.0848116120000027,0.0798301960000085,0.0734855370000091,0.104687109000004,-0.243144378999992,
0.0744691219999868,0.0710593509999776,0.105599634999997,0.0761618830000293,-0.291201804999985,
0.0844136680000492,0.0834017700000286,0.0973487520000035,0.0706078800000082,-0.248087578999964,
0.116590536000033,0.0878002710000092,0.0754433249999606,0.0963332840000244,-0.263779007999972,
0.0990375289999934,0.0836057190000029,0.0856917580000022,0.10131473800001,-0.250130350999985,
0.0950801940000233,0.085436614999966,0.0854802489999752,0.0694159980000199,-0.312126596000005,
0.100712421000006,0.0880556370000036,0.0876746880000305,0.104426096000034,-0.329868885999991,
0.0665142280000327,0.0874013009999999,0.0809460229999904,0.081433440999961,-0.318258357000017,
0.102247972000018,0.100360934000022,0.0816051700000003,0.0718572400000253,-0.303745489999955,
0.0964488409999794,0.0976252290000002,0.116701380000002,0.0915450830000145,-0.266091693000023,
0.0899000750000096,0.0950235330000433,0.0791987640000229,0.0981699040000158,-0.306497550000015,
0.100128204999983,0.0685705110000099,0.103699247999973,0.0890002860000077,-0.279223779000021,
0.0890759089999942,0.0758545339999955,0.0779631739999863,0.0813998650000185,-0.272752473000023,
0.0932056800000055,0.0802824169999544,0.0838446789999766,0.0977104729999587,-0.303005272000014,
0.0871761369999745,0.0605327729999913,0.0671816580000204,0.0680231060000028,-0.247562869999983,
0.10122666600001,0.0839411589999686,0.105348104999994,0.0817997379999933,-0.264167327999975,
0.112573908000004,0.0834454650000343,0.104538646000012,0.111272718000026,-0.26621511800002,
0.0895095289999872,0.0902784539999807,0.0845745930000021,0.0789966289999611,-0.307792891999975,
0.0904874690000097,0.0947243130000479,0.0828928620000147,0.0737012710000085,-0.255633281999984,
0.0923469699999964,0.105504133000037,0.105927664000014,0.109977725999964,-0.269880960999965,
0.0638876939999691,0.0719341299999878,0.0741986620000157,0.0723720490000192,-0.303333625000001,
0.0877369990000361,0.0798916430000004,0.0722214679999793,0.102936116999972,-0.330714741000009,
0.126652086000016,0.083564172999987,0.111082380999988,0.0794990159999807,-0.344113167000006,
0.0883293869999934,0.103805145999987,0.0886848380000151,0.0603786649999443,-0.309724037999964,
0.0751330009999906,0.0789607739999824,0.077516011999965,0.0853883739999719,-0.270629119000035,
0.0830923669999743,0.0967680279999877,0.0762722829999534,0.11997068200002,-0.339595861999978,
0.114369582000033,0.0956462620000134,0.103308153999989,0.0914554209999892,-0.371586519000002,
0.0937325489999976,0.0873172140000101,0.0964466230000007,0.0791812339999806,-0.284973022000026,
0.101758139000028,0.0667745210000517,0.0718047180000331,0.0841328129999861,-0.245703628000006,
0.109473402,0.0617182000000212,0.0891457800000053,0.100580036000008,-0.308368302999965,
0.106592131999987,0.0941986740000075,0.0989254040000169,0.0636971900000258,-0.297581317000008,
0.0928186559999899,0.0877259380000382,0.0938021630000298,0.0901822999999954,-0.274437318000028,
0.0881918619999988,0.106701370999989,0.0760737369999888,0.0624334159999999,-0.245296244000006,
0.0964446679999855,0.100670417999959,0.0999838450000298,0.0728728469999937,-0.274430935,
0.0881248569999748,0.0856154599999727,0.0881248569999748,0.0903118630000367,-0.311785532999975,
0.0797373410000114,0.09133412799998,0.0803812980000148,0.0786457539999906,-0.281444855000007,
0.0715330019999633,0.093071704000015,0.0672955099999895,0.0943707490000111,-0.29576013599996,
0.104249813999986,0.0768612949999911,0.113217871999966,0.0841025370000111,-0.332385669999984,
0.0830048210000073,0.0931312949999869,0.0853401190000027,0.089088452999928,-0.279315869999999,
0.0861866579999787,0.0551892850000195,0.0796464519999931,0.0828070249999946,-0.284269445999994,
0.0945793160000012,0.130299043000019,0.0667464360000104,0.0861377310000021,-0.261690626999963,
0.0945888689999806,0.0739517840000362,0.0916646379999988,0.0904884949999555,-0.290531633000013,
0.0697455800000175,0.0936414519999748,0.0852023149999886,0.0823743430000272,-0.275541567000007,
0.0850835720000055,0.069338470999985,0.0769840849999787,0.066367105999986,-0.239800584000024,
0.0955806289999568,0.101279429999975,0.0903704039999811,0.0821973700000026,-0.268155355000004,
0.0805892949999829,0.0818622710000086,0.0935816009999862,0.098035619999981,-0.268766238000003,
0.0961556330000189,0.0892461450000219,0.0829153299999998,0.117357428999998,-0.303333066000013,
0.104457545999981,0.0857159530000013,0.0796599619999774,0.107839040000006,-0.350817976000024,
0.0939983730000158,0.102278097999974,0.098985731999986,0.125337968999961,-0.287486598999986,
0.0808822639999894,0.0958987660000139,0.0978894239999863,0.0973716450000161,-0.354619855999988,
0.0864618269999983,0.0850965149999938,0.105956021999991,0.0813569520000438,-0.261266219000016,
0.0921175920000455,0.0908740909999915,0.0895647660000109,0.0914397120000103,-0.253400847999965,
0.0893499189999802,0.0727976809999855,0.0953500149999632,0.0812268359999771,-0.260116083000035,
0.0652967000000035,0.107036271000013,0.0906364059999696,0.108644760999993,-0.288539123999988,
0.0834794159999838,0.0775635340000358,0.0794805329999817,0.0974883579999673,-0.272838106000015,
0.0923106410000059,0.0695193119999817,0.0955850519999799,0.079289244999964,-0.302184466,
0.108269460000011,0.0887599470000255,0.118782369000001,0.101068246000015,-0.291680037999995,
0.117087387000028,0.0757873579999964,0.11214390099996,0.074662272000015,-0.30615948500002,
0.0907800319999965,0.0770879939999995,0.0615452189999673,0.0895650910000168,-0.263520505000007,
0.0938014780000076,0.0933522340000209,0.0715268230000261,0.114239101999999,-0.300035935000014,
0.0964474379999779,0.0892372249999967,0.061005480000008,0.072528701000017,-0.294579486999999,
0.0756606159999683,0.0911215830000415,0.0784170369999952,0.0853554649999637,-0.286810660000032,
0.106797906999989,0.0922965659999795,0.0715768619999963,0.0796888350000163,-0.309033179000003,
0.093692118000009,0.0702154319999922,0.079345215000028,0.0776307499999903,-0.30089415900002,
0.111998225000041,0.0912116069999884,0.104033016000015,0.0846039949999804,-0.260668734000023,
0.0692605209999979,0.0970845909999834,0.0978053019999729,0.10616210900003,-0.284208917999996,
0.0809928739999878,0.0816061219999883,0.0636370939999656,0.0751494670000261,-0.267941039999997,
0.0806917069999759,0.101189906999994,0.0840741849999895,0.0804933589999905,-0.258278806000001,
0.0731771860000044,0.11747081200001,0.0844882519999942,0.088151350999965,-0.229456844000032,
0.0914553570000053,0.0754630710000215,0.0759881530000171,0.0947617969999706,-0.254397000000016,
0.107778485000021,0.0688993460000165,0.0739964680000467,0.103025059999978,-0.30498373799999,
0.0693794219999736,0.0871750750000106,0.0910619299999762,0.0760877729999838,-0.279691605000039,
0.0902146350000344,0.0996003209999922,0.0922493110000478,0.0973235439999958,-0.276367695000014,
0.0779511230000212,0.0694086649999913,0.0924829929999696,0.0657258379999807,-0.28464003800005,
0.0832617679999789,0.113133091000023,0.0786026360000023,0.0767553999999973,-0.276047391000002,
0.0716703199999965,0.0910363699999934,0.0636771329999906,0.109443139000005,-0.301527083999988,
0.0834854819999814,0.0766828959999939,0.0908571780000429,0.0883910489999917,-0.266842217000008,
0.0896296189999825,0.117815770999992,0.0955351370000135,0.077762552999985,-0.292800372000003,
0.0843808930000278,0.0635559089999806,0.0776958530000356,0.0771722239999667,-0.273176048000021,
0.0810115519999922,0.0562248680000257,0.0887347379999655,0.0811690320000266,-0.308827387999988,
0.0752178650000074,0.0870754529999917,0.0928232380000377,0.060391414999985,-0.313244566999997,
0.0829709279999697,0.0684401789999938,0.07254614699999,0.0872221370000038,-0.219845214999988,
0.103015459999979,0.101117857999935,0.0790894410000219,0.0958658680000103,-0.276861309000024,
0.09882543699999,0.103683449000022,0.0925623940000387,0.114920454000008,-0.310125736999998,
0.0952807929999858,0.121469603000011,0.0720059799999826,0.100809910000002,-0.285613705999998,
0.0970877220000038,0.0950734089999901,0.104138631000042,0.0762931960000124,-0.280788885999988,
0.0939952650000091,0.104803893000043,0.0678087030000111,0.0667903649999994,-0.27210789499999,
0.0862220009999887,0.10267496199998,0.0933376059999878,0.0919077980000002,-0.287024594,
0.0787533199999907,0.0903333809999795,0.0936899119999675,0.111142780999985,-0.279939885000043,
0.088250740000035,0.0714677059999649,0.104718163000015,0.0768940979999952,-0.306553202999995,
0.100989305999987,0.115941424999993,0.0788963310000086,0.116850463000012,-0.282344751000006,
0.07992846499999,0.112912277000007,0.096053471000012,0.0865706569999825,-0.332449002000018,
0.0895549859999765,0.102493782999966,0.0855694649999841,0.0839018939999965,-0.29223771399997,
0.0843831109999792,0.0951056020000137,0.0879645739999796,0.0921988490000158,-0.285217514000008,
0.0919154629999994,0.0983577830000336,0.072399410999988,0.0863022670000182,-0.270510939999996,
0.0757178280000262,0.0954792800000428,0.0869300310000249,0.104627354000005,-0.291780811999953,
0.104790840000006,0.118871243000002,0.0877423119999971,0.0924216210000209,-0.320665036000012,
0.0696511869999795,0.109063514999998,0.0615229380000001,0.0539396220000121,-0.270974685999998,
0.0953884700000285,0.0837006419999784,0.0922477859999799,0.0942999170000035,-0.279238774000019,
0.0635819930000125,0.0678205330000169,0.0767612199999858,0.0900252420000193,-0.298065774000011,
0.0765632070000056,0.091957603999992,0.0687725699999924,0.0827007030000436,-0.332551470000019,
0.0901662669999937,0.105498423999997,0.0942312989999891,0.0871242489999836,-0.305933647999989,
0.08715287300001,0.0749579670000157,0.0924849269999818,0.0896051589999915,-0.281398241000041,
0.0831303189999603,0.08308262500001,0.118241473000001,0.116524164000015,-0.304881513999961,
0.10823429999997,0.11490256200003,0.118334676000023,0.0686542040000177,-0.287437323999998,
0.0894418090000077,0.0758971140000426,0.0739999740000062,0.0885445389999945,-0.243234008000019,
0.0773116310000496,0.0705665949999911,0.0833736829999834,0.123377231999938,-0.277764047999977,
0.0989023899999902,0.0907029539999708,0.0699467570000284,0.102637116000025,-0.285544473999982,
0.080484029999986,0.0872627409999941,0.0899718569999768,0.0737395810000025,-0.274018725999997,
0.0930842739999593,0.096021190000019,0.0607978899999885,0.0961560179999933,-0.293810138000017,
0.0847875950000057,0.0734571159999878,0.0821321689999468,0.0992246500000269,-0.286878256999999,
0.097435604000013,0.0899672660000178,0.0828672369999836,0.099365747999997,-0.29463059799999,
0.0724018670000114,0.0862492240000056,0.0802573700000198,0.0975197210000101,-0.254891052999968,
0.0900080280000161,0.0631078390000039,0.0631078390000039,0.0966154929999957,-0.246413185000009,
0.100920287000015,0.0866245079999981,0.0869020999999871,0.0673643450000427,-0.237762822000033,
0.0526600360000029,0.067761263999992,0.110166673000003,0.0901915869999971,-0.237849724000022,
0.0796788490000577,0.109528050999978,0.107475816000031,0.097694912999953,-0.320743580000035,
0.0881829229999785,0.0635736839999904,0.088832723999989,0.0797074980000107,-0.284240612000001,
0.103378191000026,0.0892834190000199,0.102450534999982,0.0983534340000006,-0.310868183000011,
0.0935233419999868,0.0902290480000174,0.0891208460000139,0.0880491749999901,-0.269966151999986,
0.0869712050000226,0.0793516360000217,0.0739495350000175,0.0734189069999916,-0.27025860099998,
0.0859773879999907,0.0839423199999755,0.0956756170000249,0.105370567000011,-0.29029167500001,
0.0914105030000251,0.0850261270000337,0.0838051610000302,0.0775996119999913,-0.25586288100001,
0.0891962550000289,0.0960707380000144,0.129964401999956,0.0991681370000365,-0.274574632999988,
0.0786277120000004,0.0934751579999993,0.0794315849999975,0.0680725569999886,-0.305880413999978,
0.0685366959999505,0.0863736630000258,0.101084027999967,0.079327248000016,-0.285777611999996,
0.111356793999993,0.0750126199999809,0.0919273170000238,0.0759781779999676,-0.275389016000001,
0.0950237809999967,0.0779828670000047,0.0479240789999931,0.0791699960000133,-0.284112918999998,
0.100578063000002,0.0830438619999963,0.0914498219999991,0.0818540830000225,-0.28021441699999,
0.0803796299999644,0.0835725040000248,0.093185177999992,0.0828898980000122,-0.292265600999995,
0.0755770000000198,0.0908698589999858,0.0955305830000139,0.11172031400003,-0.266771471999984,
0.0866871020000271,0.0638602230000329,0.0835113860000079,0.0837845419999976,-0.308039045000043,
0.106659821000015,0.110524291999993,0.0833145549999931,0.0864981410000419,-0.283523194000029,
0.076498740999964,0.0825650749999877,0.0851786920000063,0.092682702999989,-0.325168286000043,
0.0965340289999986,0.101183781999946,0.0869177359999908,0.0801682840000317,-0.295565744000021,
0.117819137000019,0.0771921919999909,0.0937145029999974,0.0871833150000198,-0.272986291999946,
0.117396116999967,0.0775559650000141,0.0877465130000151,0.121560514000034,-0.254193982999982,
0.101417408000019,0.110304360999992,0.0612637410000502,0.0701989529999919,-0.334086879000011,
0.0831274439999875,0.106232128999987,0.0917741829999745,0.083858244999974,-0.314101414000021,
0.0999674679999725,0.0693304389999726,0.0948022059999817,0.0857093369999807,-0.266300922000029,
0.0983279780000003,0.0861919320000347,0.0789066619999862,0.0850857819999983,-0.311302935999975,
0.0798653479999939,0.0648705399999681,0.0704917830000181,0.0503079690000118,-0.323685534999994,
0.101966094999999,0.0925199860000012,0.0864699279999818,0.0950061350000205,-0.372104309999952,
0.0666815729999612,0.079147444999991,0.107343187000003,0.0633088499999794,-0.309570901,
0.0754443780000188,0.0856960769999901,0.0754100539999681,0.0907781880000289,-0.289239470999997,
0.0984541060000192,0.0935982180000251,0.0862078479999927,0.0910404680000115,-0.273301477000018,
0.102560948000008,0.0988787719999882,0.0906463610000519,0.0876005829999758,-0.28985646100002,
0.0808960039999856,0.0736448069999979,0.0916447030000327,0.0992213589999569,-0.272261068000017,
0.0984951539999975,0.0930980960000384,0.112773801999974,0.108105960000006,-0.308576734000032,
0.0873650509999734,0.0980974019999749,0.102222223000017,0.0826898009999891,-0.282430342000001,
0.0713175689999766,0.0892359039999556,0.0906258550000007,0.0852554149999914,-0.269083648000006,
0.089088162000025,0.0927128359999988,0.0789840850000251,0.076807063000027,-0.257902972999987,
0.104460075000002,0.0717050229999836,0.105090569000023,0.0682523569999703,-0.301860607999966,
0.0766577620000135,0.117531467000012,0.0964501280000095,0.0949999140000086,-0.312345192000002,
0.0944579610000137,0.0844907490000214,0.0988090509999756,0.0936418489999987,-0.265520525000008,
0.0796361029999612,0.111586627000027,0.0967697629999839,0.0805148630000049,-0.295030042999993,
0.0956705120000001,0.12622533899999,0.0932982669999992,0.102114300999966,-0.295875896000007,
0.0891826619999874,0.0838731889999681,0.0909133379999926,0.0903856430000164,-0.311846126999984,
0.0962304759999711,0.0910840789999756,0.0722511020000211,0.0761437249999726,-0.300487210000032,
0.0928564949999813,0.074451547000011,0.0697262109999783,0.0928139879999858,-0.256471767999988,
0.0639594270000221,0.093686900000007,0.111835683999977,0.0833515349999866,-0.328674738999955,
0.0837275200000045,0.0761542189999786,0.0787449469999692,0.0982411190000016,-0.284739000999999,
0.0734356350000085,0.108572069999994,0.117304414999976,0.0961744230000158,-0.321005507000006,
0.082844310999988,0.0995404310000085,0.09617322099998,0.116080371999999,-0.319067170999949,
0.069722943000017,0.0746861219999523,0.0894145970000241,0.0693898309999572,-0.278656244000023,
0.0700499309999927,0.0799874490000184,0.0788308760000059,0.0877799919999902,-0.295124332000042,
0.0812851379999825,0.0807306780000281,0.0844810929999999,0.0776917670000003,-0.232938037000028,
0.0723415620000342,0.0647644960000034,0.0822380890000231,0.0715066949999668,-0.283310759000015,
0.0894756339999658,0.0854092360000018,0.0805257299999835,0.0822131410000138,-0.248712441000004,
0.0880705379999558,0.0962268250000266,0.0722270280000184,0.0930918140000204,-0.269503931000026,
0.0779905920000087,0.0983307920000088,0.0755188930000309,0.0834015170000098,-0.277682143000015,
0.0858275569999769,0.0800511220000171,0.0877781469999909,0.102942208999992,-0.328465634999996,
0.0769182670000273,0.0827381110000069,0.0746458169999824,0.0817357859999861,-0.29970875799999,
0.0982463209999664,0.0964043950000064,0.0967054489999846,0.0969204520000158,-0.304956471000057,
0.0691949699999636,0.100919530999964,0.108544522999977,0.0666390079999751,-0.284568851000008,
0.0811796789999903,0.101623969999974,0.103671345000018,0.0887448910000121,-0.295575223000002,
0.0878440880000171,0.0815200600000239,0.0866218499999886,0.0676512649999781,-0.36378679299998,
0.0880083949999621,0.0868836749999991,0.0983914890000201,0.116660043999991,-0.290436924000013,
0.0840023819999942,0.0718521710000077,0.085791232000021,0.104935511000039,-0.297617342000013,
0.122747183000018,0.102704812000009,0.0786853450000212,0.0859409770000207,-0.258479677999983,
0.0834441970000003,0.091516321999984,0.0690651359999774,0.0946080049999678,-0.288764815999999,
0.075731442999976,0.0743992989999842,0.0938767209999683,0.0861608949999731,-0.302264068999973,
0.100306257999982,0.0909423129999946,0.0760552830000174,0.0865081450000184,-0.345810452999983,
0.0778338929999909,0.0880216810000029,0.08758996600001,0.0873623729999608,-0.310246743999976,
0.0872234650000096,0.0746781209999813,0.102067241999999,0.107721940999996,-0.307732355000011,
0.0656003399999913,0.094085925000039,0.0863280950000526,0.0942250340000023,-0.245110494999994,
0.0884796369999817,0.0984390959999969,0.0819133379999762,0.0925931880000126,-0.308278561000009,
0.0715905190000135,0.0991136929999971,0.0841022239999761,0.115282850999979,-0.32792368999998,
0.0643817750000062,0.0892491440000058,0.0860003780000115,0.0951864909999626,-0.306242025999977,
0.0869375260000224,0.0826389509999899,0.0957612220000415,0.0720502759999899,-0.247723055999999,
0.0728571679999954,0.0836398819999972,0.102367734000007,0.0852867209999613,-0.234456880000066,
0.0825708959999761,0.0735698760000018,0.0732410560000017,0.0779415740000163,-0.29133741799998,
0.0832343929999988,0.0829956379999821,0.102707876999985,0.0922168089999936,-0.288822234000026,
0.0726668270000432,0.089257303999982,0.09490207900005,0.102298441999993,-0.262674684999996,
0.0803612900000098,0.0840958600000249,0.0867644719999857,0.0904085610000275,-0.261194686000016,
0.0761082550000065,0.0980861089999635,0.097824248999977,0.105872961999953,-0.294746328000002,
0.094693764999965,0.0872224420000252,0.0839139960000029,0.0905228439999964,-0.274792845999984,
0.0947636260000299,0.104911104999985,0.0608247950000109,0.0999257860000175,-0.299648705000023,
0.0846093389999978,0.0852454619999771,0.0919143579999895,0.0804537880000012,-0.274963384999972,
0.0931428290000044,0.0814092690000261,0.109341121999989,0.0856599160000069,-0.306499450999993,
0.0905687419999908,0.0879565700000321,0.0835463009999953,0.0973454699999852,-0.237609158999993,
0.115073163999988,0.09785592399997,0.0808684510000235,0.0994275480000238,-0.266966053999963,
0.0819166900000059,0.081043579999975,0.0846841110000228,0.0894335610000217,-0.249993092999998,
0.126864983999991,0.0850800160000126,0.0695692530000115,0.0804477010000078,-0.264571691999994,
0.083992395000018,0.0872226089999927,0.123554357000004,0.0816503610000273,-0.297319419999954,
0.066027394000032,0.0842257800000179,0.0803767809999899,0.0820540419999911,-0.298949684000017,
0.0883281820000029,0.101790583999974,0.0969240849999978,0.0816098319999833,-0.290813469000022,
0.0818414629999934,0.100565680000027,0.0654022129999976,0.0901129759999849,-0.316534772999964,
0.0711725400000496,0.0663922420000354,0.101828990000018,0.0718841249999878,-0.256572248000014,
0.104166095999983,0.105834397000019,0.0785880150000262,0.100929580999998,-0.337231247999989,
0.073082178999995,0.0739681029999924,0.094212025999992,0.0834070069999752,-0.304294586999998,
0.107687240999975,0.0999094869999894,0.12720744100001,0.092824144000002,-0.33174363799997,
0.0887021459999823,0.107301346999987,0.0802029399999833,0.0912345109999787,-0.278884085000021,
0.0864999409999964,0.0882637129999985,0.0842874190000089,0.0842874190000089,-0.289720166000019,
0.0717534549999987,0.0850679380000033,0.0805731199999914,0.0862535650000086,-0.277015180999994,
0.0978391789999951,0.0751393779999948,0.109176766000009,0.0920665279999785,-0.269000647000017,
0.113981723999977,0.0971031120000189,0.0779196440000151,0.0941856940000257,-0.288581735000029,
0.0965387380000425,0.0856398549999931,0.0981593459999872,0.104472855999957,-0.298285643000034,
0.0951146920000042,0.081659148000022,0.0771006359999938,0.0749714360000216,-0.282968553000001,
0.0902576820000072,0.0799399980000089,0.0971377849999917,0.0806380260000019,-0.300924057000005,
0.092543730999972,0.0870766699999676,0.0781047769999714,0.056428080999995,-0.293052945000009,
0.0745893380000116,0.0936197580000376,0.10055578399998,0.092740172999991,-0.270684200999981,
0.0658375120000042,0.0851273409999931,0.0850731690000102,0.0644270439999796,-0.291238459000023,
0.100181447999992,0.0722801189999805,0.0847394099999506,0.106880350999994,-0.302105961999971,
0.0786573030000177,0.102642575999984,0.0912083939999911,0.0735232829999768,-0.282720635000042,
0.0779617229999935,0.113313416000027,0.0800321130000116,0.0766481000000085,-0.345989534000007,
0.0910368300000418,0.101606444999984,0.0932880580000128,0.0713860210000057,-0.275910657999994,
0.111448556000018,0.082902997000002,0.0842557209999691,0.102029511999981,-0.267582718000019,
0.103267358000033,0.101475667000035,0.0963380160000088,0.105308958000002,-0.303741206000021,
0.0707788649999293,0.110925149000036,0.109255606000002,0.065573115000027,-0.260281693999993,
0.0962823569999941,0.0922015980000274,0.108071700000046,0.116893229000009,-0.284785162000018,
0.0976541129999973,0.0517878169999881,0.0980957689999805,0.101387841999962,-0.226679458000036,
0.0959013629999881,0.0988682159999908,0.082800553000046,0.0868941720000375,-0.256180526000014,
0.0790505279999693,0.112529370999975,0.0942940189999672,0.0889915770000193,-0.286350352999988,
0.102835299999986,0.0955587039999759,0.0759560659999952,0.073499083999975,-0.303538335000008,
0.103541653999971,0.104318522999999,0.0735230679999991,0.0817263250000005,-0.28638953099997,
0.0836870310000195,0.0719630440000069,0.110447874999998,0.122558952000017,-0.329132252999989,
0.0932041049999957,0.103061515000029,0.0959273709999757,0.100945357999985,-0.338884468000018,
0.0859322110000153,0.0792417119999814,0.0868036219999922,0.0770786209999947,-0.269849612999999,
0.0819518919999782,0.0791283189999845,0.0792376159999685,0.0669371610000294,-0.281614205000012,
0.0821944629999957,0.0848863860000179,0.091516292000053,0.0731222950000574,-0.314109577999975,
0.0982316009999849,0.0755768889999817,0.0875756179999635,0.0794208319999666,-0.281014325999972,
0.08332007199997,0.0687106149999927,0.106542765000034,0.0777594100000056,-0.26327507500001,
0.0834510909999849,0.0555343610000095,0.0789298789999784,0.0903060000000178,-0.259871383999989,
0.0915406480000042,0.0918590560000102,0.0891849590000334,0.0739776869999973,-0.310780283000004,
0.0823061280000247,0.0881081470000272,0.0759708300000111,0.0801364350000217,-0.304977049999991,
0.101562971999982,0.0689463640000063,0.0742882530000138,0.0732299510000339,-0.298318609000008,
0.0982282570000011,0.0936172329999877,0.0838036069999716,0.054375241999996,-0.295875454000023,
0.113127731000013,0.0857135209999874,0.105598085000023,0.108200834000027,-0.331231212999987,
0.09015237599996,0.105626812000009,0.109260806999973,0.107399717999981,-0.248724220000004,
0.0841795199999865,0.0724265530000275,0.090919771000039,0.0856362910000239,-0.28295510499998,
0.0816807119999976,0.0791691220000162,0.0795790189999634,0.0743433070000415,-0.250702834000034,
0.0815693449999708,0.0907745399999749,0.0784307809999591,0.0958836360000169,-0.307049279000029,
0.0689841540000198,0.0965964869999884,0.0786347180000012,0.0785539570000228,-0.277397972000001,
0.108946993999979,0.087227589999984,0.0770805419999788,0.0816577549999993,-0.293983414999999,
0.0860240619999759,0.0661398610000015,0.0952396520000093,0.103379056999973,-0.313446370000025,
0.0907898529999879,0.0915853939999852,0.0919071240000089,0.0798013869999886,-0.263805162000015,
0.0555994010000063,0.0845659350000196,0.10312465300002,0.061077467000021,-0.291857284999958,
0.0845036560000076,0.0784039169999869,0.0866353389999772,0.0898024150000115,-0.293767086999985,
0.0753664010000084,0.076660814000018,0.0952417239999968,0.0952417239999968,-0.29868035500007,
0.113106857999971,0.107008803000007,0.109878541000003,0.0965179720000037,-0.274090541999975,
0.0875033359999888,0.0884090600000191,0.0971353229999845,0.0843055379999782,-0.240942998000004,
0.0767602269999838,0.0806311480000509,0.078176824000027,0.104129371000015,-0.285097704,
0.0990509989999541,0.0724987030000129,0.106410706999988,0.067457622999993,-0.324467328999991,
0.0893653150000277,0.081239213000023,0.080025262000011,0.0903018429999975,-0.319909988000029,
0.0805099850000179,0.0953531980000062,0.0937477280000198,0.0900362339999815,-0.248676119999986,
0.0987417159999873,0.0844558890000353,0.0919894809999637,0.0816654929999809,-0.25684724800003,
0.0834215239999821,0.0895833910000119,0.0771900620000038,0.0837559720000208,-0.315125904999999,
0.100965928999993,0.107042630999994,0.0816524069999928,0.0920377149999567,-0.322803634999996,
0.112956705999972,0.0882879430000103,0.101711982999961,0.0875211639999916,-0.323880205999994,
0.104226525000019,0.0810191630000004,0.0762570210000149,0.0900389339999947,-0.30258888499998,
0.0793774440000229,0.105763724000019,0.110177303999992,0.0977233949999832,-0.342452836000013,
0.0953726489999994,0.0803954390000081,0.111043652999979,0.0693083579999848,-0.273375896000016,
0.0697433159999946,0.0816094619999899,0.0882862389999991,0.09793092199997,-0.292954630000037,
0.0757998449999873,0.0849061970000089,0.0803881329999658,0.102360101999989,-0.259978205000011,
0.0912906899999489,0.10941608400003,0.0836648619999619,0.0656325700000057,-0.25780633200002,
0.10840234699995,0.108476291000003,0.0910760080000268,0.104386536000028,-0.320720177000012,
0.0800241569999976,0.076101155999992,0.0791078889999817,0.0991030389999819,-0.290662003000014,
0.0735459819999851,0.0937666299999587,0.0986876769999799,0.0726430030000179,-0.278371242000003,
0.0757792810000033,0.0990725209999919,0.0746458269999939,0.10322597999999,-0.273345201000032,
0.0670600840000156,0.086265688,0.105858166000014,0.0978805950000228,-0.249035334000024,
0.0775669750000211,0.0766490500000123,0.106045998999997,0.0860389859999873,-0.286846217999982,
0.0967854180000145,0.0890353170000012,0.0994651649999664,0.114473929999981,-0.271505148000008,
0.0688349370000292,0.102290820000035,0.0958471599999939,0.0709073100000269,-0.271945331999978,
0.103888864000023,0.0867608370000312,0.086954020000016,0.0809275670000161,-0.308961041000007,
0.0742740930000036,0.109488974999983,0.088296577999994,0.0715183169999577,-0.279670356000005,
0.0990608049999728,0.0838811310000201,0.103116160000015,0.072888849000014,-0.298153319000026,
0.0877316629999746,0.0888677209999678,0.0883914560000017,0.102881596999982,-0.264384748000009,
0.0913968849999892,0.0624742010000346,0.0855477810000025,0.0729718679999996,-0.274613323,
0.102777762999995,0.0922695740000336,0.0840379780000039,0.0693160770000254,-0.29637608400001,
0.0907810569999788,0.0907810569999788,0.104506935999992,0.106838272000012,-0.304205783000012,
0.0685327939999875,0.081390894999995,0.0956591420000354,0.0603081950000324,-0.252665432999989,
0.113228527999976,0.0801768339999849,0.0950265149999714,0.101339358000015,-0.294455340000013,
0.0805528130000112,0.088211864000039,0.0598725099999906,0.0931284420000356,-0.274063287000012,
0.0837205390000067,0.075518069000017,0.107949729999992,0.0979347369999823,-0.299519746999982,
0.0896061639999925,0.0834307290000024,0.0754076910000294,0.0880979740000507,-0.296734233000008,
0.0920681210000243,0.0780694069999886,0.084332742000006,0.0610391240000154,-0.30727081499996,
0.0859974939999888,0.0756405920000061,0.0856201970000216,0.0991326839999747,-0.315691786999974,
0.0924945950000147,0.0763296019999934,0.0829325159999917,0.0754103989999617,-0.268149408000004,
0.0842998749999765,0.0745465249999679,0.0953051339999993,0.0827870299999936,-0.319887615999992,
0.0868403089999961,0.0798582349999888,0.0997943299999547,0.0854126259999794,-0.252456212000029,
0.0792214360000057,0.0848725759999907,0.0696717160000107,0.102118561999991,-0.249950310999978,
0.105714126999977,0.0850114919999974,0.0774597759999892,0.0819743169999951,-0.293216473000021,
0.0753893210000215,0.0926938210000267,0.0901004699999903,0.0960616359999981,-0.286006053999959,
0.0847061050000411,0.136184179000026,0.0770444950000219,0.0766188699999948,-0.262553592999995,
0.0667851269999869,0.0847993780000093,0.0949218409999685,0.0726110039999426,-0.288090053000004,
0.099883875000025,0.124898877999992,0.0964251289999952,0.0729820460000101,-0.257614065999976,
0.111910571000022,0.106604086999992,0.107522521000028,0.0992579649999971,-0.26919872300002,
0.0934541810000219,0.118485093000001,0.0736374460000106,0.10043845400003,-0.279708681999988,
0.0905919899999708,0.0785707439999819,0.108240618000007,0.0776521510000216,-0.284105239999966,
0.0725063349999987,0.0818736810000214,0.098388922000021,0.101787596999988,-0.265557966000022,
0.0954688120000051,0.0854262650000046,0.107813015999972,0.0856415089999878,-0.308918309999988,
0.0811563470000228,0.0837964400000101,0.0880191709999936,0.0774130020000357,-0.323565815000011,
0.0936678860000288,0.116561283000003,0.105501761000006,0.0904152849999837,-0.325108516999951,
0.082764626000002,0.0772433680000286,0.0831811250000078,0.0873635010000098,-0.263566337999988,
0.0724960309999888,0.0957112209999664,0.0932932070000038,0.0935938759999854,-0.309874320999955,
0.0815198189999696,0.0992081200000075,0.0994493549999961,0.0952732929999661,-0.274333702999987,
0.103614970999966,0.093022956999936,0.0994293709999847,0.0944593879999852,-0.30086138299999,
0.107775891999989,0.101491937999969,0.0905890000000036,0.0770642560000101,-0.28896582999996,
0.120494432999991,0.0661467449999927,0.0878472339999917,0.0843885400000008,-0.294048375000038,
0.0792560189999431,0.104125711000016,0.109629761999965,0.0691389619999727,-0.31134890500002,
0.0751640950000137,0.076613180999997,0.0593283310000211,0.0802827559999942,-0.249891233999979,
0.088751255000007,0.0665356789999914,0.0814807829999891,0.0724538620000108,-0.286190827999961,
0.0712075350000441,0.083612846999979,0.0958770270000159,0.0838627979999701,-0.31848322500002,
0.0865839899999924,0.0779042249999725,0.0858107149999782,0.0894301000000223,-0.285641457000003,
0.0981954510000169,0.0788077329999824,0.0727685989999854,0.085414859999993,-0.284659981999995,
0.099465036000011,0.0829577040000113,0.0719377279999881,0.093802942999991,-0.289135120999986,
0.0972062529999976,0.111893156000001,0.0673816650000185,0.0959541459999873,-0.287633670999984,
0.123359234999999,0.119443245000001,0.102386543000014,0.0959873249999769,-0.306625855,
0.0895595590000253,0.100201606999966,0.0686564169999665,0.0806116120000065,-0.288742719000002,
0.08950751300001,0.0846606399999673,0.0763342340000145,0.089308831999992,-0.230689034000032,
0.095895565999987,0.0749864810000336,0.0881836619999999,0.0641629810000049,-0.286538992000039,
0.0933476109999797,0.0754681139999793,0.0975392669999778,0.108752545000028,-0.367304320999993,
0.0683305430000209,0.0901345510000169,0.0952935930000012,0.0837948099999912,-0.277989838000004,
0.0907946640000018,0.0782265449999809,0.0782265449999809,0.0936877589999908,-0.321497392000001,
0.0814661869999941,0.0905369019999953,0.0825942550000286,0.0670888199999845,-0.305625098000014,
0.0968887309999977,0.094108744000026,0.0812097019999819,0.0812097019999819,-0.298794959000012,
0.098053266000009,0.0829515669999855,0.091265756999996,0.0925087000000622,-0.26641571499997,
0.0833470580000162,0.0866874959999559,0.0888147110000009,0.0896015550000047,-0.322773701999989,
0.0797239369999984,0.109696838999968,0.0940063199999845,0.071484244000013,-0.361799098000024,
0.0801648789999954,0.0911228520000018,0.0870237239999906,0.101940226000002,-0.307778863000013,
0.0789918309999744,0.0711895630000099,0.0729338569999727,0.107768058999987,-0.316799135999997,
0.0998972390000558,0.0715881959999951,0.095209685999997,0.0788376069999667,-0.231983830999974,
0.0681506699999795,0.0659191630000014,0.0664187710000128,0.097395121000025,-0.242314535000042,
0.0838033899999859,0.098375978999974,0.116569504999981,0.0838033899999859,-0.303252630999978,
0.0659344539999938,0.0731153440000339,0.108276817999988,0.101262164000029,-0.334022693999991,
0.0632047359999638,0.0697038749999765,0.0940229390000163,0.086747261999993,-0.278132476000005,
0.078325006,0.0797366840000436,0.0797366840000436,0.0791209719999606,-0.278895310999986,
0.085265223000024,0.085265223000024,0.0825081460000197,0.0832903630000001,-0.29299490099999,
0.0928562459999916,0.0848335349999916,0.0902557729999939,0.0928562459999916,-0.295453296000036,
0.0791866560000221,0.0750989329999957,0.0802409189999548,0.105970238999994,-0.307916717999971,
0.102378341,0.0962130379999912,0.0759786990000098,0.0964992580000053,-0.323468693000005,
0.0970859620000251,0.0908413679999849,0.0643679929999958,0.10668689099998,-0.356279528000035,
0.0880125389999839,0.0786489980000397,0.0886439589999877,0.0904588169999861,-0.277336161000011,
0.0766630659999978,0.0804315189999984,0.0791929399999758,0.0973950610000352,-0.253577711999997,
0.101468422999994,0.0947507620000079,0.0741925489999876,0.0982398599999756,-0.273124569000024,
0.104813164000011,0.0580952140000109,0.096552030999967,0.0663562869999678,-0.279947887999977,
0.0929982599999862,0.109693354999974,0.0882104619999909,0.0910412930000039,-0.307566285000007,
0.112117260999998,0.0864068710000283,0.0953341139999902,0.0631897089999843,-0.291298999000021,
0.0975877599999931,0.0771759960000163,0.101274108000027,0.0700343179999841,-0.304225359999992,
0.0961952840000026,0.0819058470000027,0.0793469259999583,0.0909166640000103,-0.227775265000006,
0.0952845369999745,0.109346751000005,0.0822617199999636,0.065208240999988,-0.294925658999957,
0.0952520019999756,0.0811832009999557,0.0935093820000152,0.0665417240000156,-0.26932219700001,
0.0955984270000154,0.108147457999974,0.0994760899999587,0.0815919689999609,-0.241955630000024,
0.0855966519999915,0.113629833999964,0.0981890130000265,0.0904712200000245,-0.303116661000006,
0.102663860999994,0.105466841999978,0.0856583709999786,0.0935154579999753,-0.27902299099999,
0.127200307999961,0.0824101160000159,0.113294623999974,0.0870442700000035,-0.326600265999974,
0.0875453949999833,0.089068755000008,0.0885379670000525,0.0979241180000104,-0.282795978999942,
0.0828892059999912,0.092950022999998,0.103855152999983,0.0884790609999704,-0.293455090000034,
0.0853910139999789,0.0887765439999876,0.0839671450000369,0.079545634999984,-0.252925718000001,
0.104054816999999,0.0965814889999783,0.0893274540000102,0.0946407160000194,-0.29642150999997,
0.0822143649999771,0.0803833320000163,0.0955471809999949,0.108692677000023,-0.272001131999961,
0.0919391810000225,0.0697648199999699,0.0971191179999937,0.107657695000026,-0.306627618000039,
0.092488463000027,0.0826016689999851,0.080292616000002,0.111013571999972,-0.274791013999979,
0.076189767000044,0.0962031020000304,0.0826580239999967,0.100162184999974,-0.232047799000052,
0.0841081130000412,0.106181737000002,0.0988760739999798,0.0785140009999895,-0.322443014999975,
0.0901962320000002,0.0652121979999956,0.106719817000021,0.0801561860000165,-0.295263590000034,
0.0985809160000031,0.0709310140000157,0.120063285,0.0688567159999961,-0.371588669999985,
0.111117173000031,0.107026254999986,0.0811382659999863,0.110133400999969,-0.330369602999997,
0.0801859330000107,0.0932108340000059,0.0801805319999926,0.0932108340000059,-0.311476297000024,
0.102102457000001,0.0752976899999699,0.09338153099998,0.11807482300002,-0.32287634600001,
0.0763336089999866,0.0967197790000191,0.0978537449999776,0.0831335670000112,-0.261057051999967,
0.0944299660000129,0.0974332129999625,0.0923832259999931,0.0918778389999838,-0.298171433000001,
0.0974767150000016,0.0977707370000007,0.0881451549999779,0.108768548000005,-0.239369779999991,
0.0560049840000006,0.105395688999989,0.0741811200000243,0.0861623219999929,-0.284689782000019,
0.0785049579999914,0.0797014559999689,0.0719241959999908,0.0896017609999954,-0.287532957000017,
0.0778282469999749,0.0949844040000135,0.0871222310000062,0.101936647000013,-0.283514218000008,
0.0996030750000036,0.0807601930000155,0.076836212000002,0.0903456340000293,-0.323334144999968,
0.0910667850000341,0.0859899650000179,0.0864919849999865,0.0918903770000234,-0.294730537999987,
0.0764688369999908,0.101193499999979,0.104273803999972,0.0998655979999612,-0.300035911999968,
0.0735221270000361,0.0879871410000042,0.10106384099996,0.0761979019999981,-0.262522722999973,
0.109283914000031,0.0814922099999881,0.092035292000005,0.104766696999952,-0.321209664999973,
0.100434939000007,0.0821526190000127,0.10076074499998,0.0956539689999895,-0.323850787999995,
0.0975604589999862,0.0930988950000151,0.100105265000021,0.0851190600000355,-0.311757402999991,
0.0883328629999655,0.0817588300000157,0.0955915999999843,0.0983937689999939,-0.287313466000011,
0.11285142199996,0.0699904780000152,0.0953936299999636,0.0794274270000096,-0.273617372000015,
0.0727463169999815,0.0718290769999567,0.0715992569999662,0.105987488000015,-0.290738143000033,
0.0750346810000442,0.0984030080000316,0.0819804229999954,0.0743806319999721,-0.312372327999996,
0.0899470710000314,0.0936860769999894,0.097326154999992,0.11302288999998,-0.276944830000011,
0.0857997980000005,0.0643424100000034,0.0789823359999973,0.104670090999969,-0.254623701000017,
0.103652649999995,0.0905983369999917,0.0905350069999904,0.0946455799999735,-0.293410942999985,
0.0747773069999903,0.0836262289999895,0.0714399379999991,0.0952396140000014,-0.251698907000031,
0.101825128999987,0.0821025680000052,0.106719281999971,0.0874685569999528,-0.301611382000027,
0.0871726349999767,0.0938307519999557,0.0905102459999998,0.100091822000007,-0.31679575300002,
0.0891184299999709,0.0731277299999983,0.105691975000011,0.0823142729999822,-0.324431213000018,
0.0780229050000053,0.0677362500000108,0.0889354380000291,0.0910590080000084,-0.257004474000018,
0.116170434000024,0.0891701199999961,0.0935787349999969,0.0644117210000104,-0.252279996000043,
0.0948463809999962,0.0635493599999686,0.0780256990000371,0.114685501000004,-0.295724413999978,
0.102742294999989,0.0711918529999862,0.106370441999979,0.0875833899999957,-0.303235339999967,
0.101033198999993,0.0811649930000071,0.106858684999973,0.109383626000011,-0.295852021999997,
0.0828803019999859,0.102340736999991,0.0685111760000023,0.0961289409999922,-0.291961682999995,
0.105619714000034,0.0999406269999845,0.0970418479999771,0.094647578000016,-0.320192063999985,
0.102535572999987,0.100691863000006,0.0826972709999463,0.0820912070000213,-0.313579326000003,
0.0898762990000159,0.0963585209999992,0.0903748509999768,0.0983124380000368,-0.278963454999968,
0.0774693539999985,0.0989441339999717,0.110760246000009,0.105316007999987,-0.294487144999973,
0.102985854999993,0.0929472070000024,0.0940812780000401,0.0767767569999878,-0.288719859999992,
0.0668429030000216,0.0729565060000241,0.10255034300002,0.0654408599999801,-0.264985785999964,
0.0948711360000289,0.089998257000007,0.116988414000009,0.106469142000017,-0.308998354999999,
0.0766777570000213,0.0864540030000257,0.100750010000007,0.0968421639999765,-0.275464700999973,
0.106607010999956,0.106903229000025,0.0986183249999963,0.0761187189999932,-0.261361858999995,
0.0895758910000286,0.0754171590000133,0.0677354800000289,0.0949310939999718,-0.318768041999999,
0.0874598819999746,0.0944628059999909,0.0958696820000223,0.0963953790000096,-0.280893080999995,
0.0950924869999794,0.0945613230000095,0.0931247759999774,0.0878046339999646,-0.326422980000022,
0.0645180010000054,0.0863441079999775,0.083108277999997,0.0729997519999447,-0.302622325999992,
0.0709590630000207,0.0871424890000126,0.0900101610000515,0.0656170559999709,-0.260561406999998,
0.0789384419999806,0.0669279480000264,0.115812478,0.0800125579999799,-0.260068021000005,
0.0754688789999927,0.0791762470000053,0.0986693940000332,0.0918953489999703,-0.30071214399995,
0.0818303020000085,0.0942406570000062,0.0803388390000327,0.0942660839999958,-0.347941847999974,
0.0754028489999987,0.0671217110000266,0.0668848719999764,0.0855099430000169,-0.250826972000046,
0.0914574210000287,0.101882467000042,0.0997174019999684,0.104156890999973,-0.246768622000023,
0.11254830299998,0.0841114629999402,0.11280191100001,0.0672493469999799,-0.282113568000011,
0.0961891710000173,0.0880515429999887,0.0884090529999976,0.104893761000017,-0.27266285300003,
0.0865221199999842,0.0802643369999696,0.0972549669999994,0.116070961999993,-0.300309324000034,
0.107466037000017,0.0775058420000369,0.055856601000025,0.0962113359999921,-0.272225327999984,
0.101524430999987,0.0870709709999992,0.0773891600000234,0.084603449000012,-0.244074993999981,
0.0745592029999998,0.0947188200000101,0.0766945369999949,0.0863145490000056,-0.281418440999974,
0.0718802810000102,0.094360656000043,0.09161329599999,0.113808731000021,-0.310931553000019,
0.0753767550000161,0.0953681270000311,0.105338358000021,0.0949493959999995,-0.309448886999995,
0.0571119519999857,0.0920197160000153,0.0937645409999809,0.0937530519999687,-0.284659006000023,
0.114549560000017,0.070138980000027,0.0705786770000295,0.11202069300001,-0.270787194999959,
0.107818162999986,0.0733894289999712,0.0733894289999712,0.0763665160000073,-0.295767473000007,
0.0856555130000079,0.0979104829999806,0.068164528999981,0.0789825280000532,-0.313166189000009,
0.0856579129999668,0.0753364930000243,0.0755019700000334,0.0853344120000093,-0.283574788000004,
0.0919149210000182,0.0775723239999993,0.0889546309999791,0.066794121999993,-0.292510944000003,
0.121570452999988,0.106811202000026,0.0875155140000006,0.0737644369999434,-0.310828195000015,
0.0995829529999705,0.101934377000015,0.111710415999989,0.103807396999971,-0.303182406000012,
0.0967421099999733,0.0912611680000014,0.0810680129999769,0.0814777200000135,-0.28902649700002,
0.0794601280000315,0.0860035830000206,0.0891293420000097,0.0829487630000035,-0.324581191000007,
0.108160126000001,0.0890573499999628,0.0920954890000226,0.103887172999981,-0.319864819999996,
0.0805504969999788,0.0814586820000013,0.0774168870000021,0.100826294999987,-0.264698438000019,
0.0717393629999506,0.106680569999969,0.0868893549999857,0.0893635589999822,-0.294664371000014,
0.0822340760000115,0.0953330229999938,0.113390977999962,0.0834688049999809,-0.306212580999977,
0.0919635790000125,0.0822328020000109,0.0779880720000078,0.109479346999957,-0.300701297000036,
0.0926095230000265,0.090968735999993,0.109707677999954,0.0619715339999998,-0.269936276000008,
0.0910831279999748,0.092997864000009,0.0945060540000309,0.0809960760000022,-0.265159504999982,
0.0988979569999933,0.0973123819999864,0.0679697750000032,0.0857913380000464,-0.228694022000013,
0.0682413290000227,0.093231669999996,0.0890398090000099,0.0738505130000076,-0.230054607999971,
0.104362780999984,0.0907223629999994,0.0752748709999914,0.153013816999992,-0.311797965999985,
0.0801661120000035,0.0889126080000106,0.0857851339999806,0.0691803790000276,-0.279379531,
0.0996173249999488,0.0795883460000114,0.101331137,0.0742754139999843,-0.302077159000006,
0.097742794999981,0.0776161210000182,0.143216476999988,0.093972009999989,-0.324986342000016,
0.075192176999984,0.0896998490000183,0.0899347399999556,0.105044488000028,-0.243298455999989,
0.115886642000014,0.0953609610000012,0.097059316999992,0.089466216999971,-0.290957319999996,
0.0865789749999685,0.0878491370000029,0.077363452999984,0.0897553859999948,-0.298907960999981,
0.0929215880000006,0.10780226800002,0.0779222380000137,0.0779222380000137,-0.288971081999979,
0.117112903999968,0.106571125999982,0.0936706840000434,0.124146893999993,-0.255606222000009,
0.095693248000026,0.0906907719999908,0.0948996650000299,0.0866730860000448,-0.299715288999979,
0.101194565000002,0.0776268070000178,0.089075139000036,0.120829581999993,-0.276083267999968,
0.0756643689999773,0.0899061420000307,0.0888255270000182,0.0922532529999867,-0.296614894999982,
0.0740526209999948,0.100441633999982,0.0846652360000121,0.0774567439999973,-0.309424428000016,
0.0855362410000034,0.0728029440000014,0.085580573000027,0.0942039450000639,-0.267355321999981,
0.101931023999974,0.0912658789999905,0.071240815999995,0.116465704999973,-0.290977316999989,
0.0907953309999748,0.10675902699996,0.108451071999965,0.0803682029999709,-0.333714451000003,
0.077004560000028,0.0811787350000409,0.0704398769999734,0.0905422749999839,-0.305193336999972,
0.103817547999988,0.0862295769999851,0.0780760640000126,0.066634029000008,-0.281485776000022,
0.124018762999992,0.0933032139999809,0.0875430100000372,0.117506820000007,-0.328837020999976,
0.0963651970000028,0.0906018859999835,0.0870239359999973,0.0749263389999851,-0.316584676000036,
0.0968453550000127,0.0867288810000023,0.0856113200000468,0.0723740100000246,-0.295356855999966,
0.0986252919999747,0.100233686999966,0.0880310880000266,0.112628055000019,-0.258931814999994,
0.111138780000033,0.107289800999989,0.0835634330000198,0.0888323430000401,-0.268519963000014,
0.0798251870000249,0.104182562000014,0.101515759000019,0.0835154209999964,-0.308571022999966,
0.0942667870000014,0.110014773999961,0.0895218059999847,0.0931838800000141,-0.273981531999985,
0.095168206000038,0.0831428199999723,0.0776014379999924,0.0797223469999872,-0.291556727999988,
0.0889299529999976,0.104679234000002,0.0878726409999917,0.0848182429999724,-0.264829916999975,
0.0649273219999754,0.0893060150000147,0.0741181479999868,0.0716679630000085,-0.264297738999981,
0.100271160000042,0.0886372730000467,0.0844869610000155,0.0679181899999912,-0.274947406999996,
0.0719454249999962,0.0782183130000017,0.0865261219999793,0.0714921019999792,-0.284531575999978,
0.0743813189999805,0.079926004999993,0.0988083109999889,0.0903695150000153,-0.262182885000011,
0.109983180000002,0.0990334460000213,0.0629934530000328,0.0997865099999881,-0.307633153000025,
0.112067255000011,0.0919163970000168,0.0885408200000056,0.0977435190000033,-0.282480081000016,
0.0759675599999809,0.0916189509999785,0.107213122000006,0.0883822549999977,-0.281608949999999,
0.0785110089999998,0.105788207999995,0.0737147090000099,0.0959464389999971,-0.319519501999992,
0.0958047209999963,0.101542005000014,0.115463266000014,0.0709889910000293,-0.311202891000018,
0.0772759950000282,0.079933495000002,0.113900547999976,0.102390354000003,-0.298680649999992,
0.0897552449999735,0.0706817180000062,0.0851535300000073,0.0870201779999957,-0.298136891999987,
0.108471307000024,0.0746998880000228,0.0974173269999883,0.0891795339999867,-0.297199757999984,
0.0984057389999753,0.0984908530000043,0.101853655999986,0.11311456,-0.269741234999969,
0.0688635690000156,0.0606281209999884,0.100194300000008,0.0835949850000102,-0.262105406000024,
0.0855817600000346,0.119262030999981,0.0999716970000186,0.0901330210000087,-0.291338418999982,
0.0744838720000175,0.0894827819999991,0.0706860889999916,0.0657430749999944,-0.291386238999987,
0.100984120999997,0.104213354999982,0.0783845709999932,0.102457812000016,-0.269661959000015,
0.10536468099999,0.0694305150000041,0.117878059999999,0.0844956300000285,-0.290390012999975,
0.0941064010000414,0.105848247000001,0.0675745869999846,0.100394755999979,-0.254851155000006,
0.0814332790000167,0.0943220780000052,0.0751092660000204,0.0990088620000452,-0.29148340200002,
0.10324667200002,0.104464411000004,0.11690928200002,0.0824319359999972,-0.272335771000041,
0.0952809490000068,0.0665712320000052,0.076156599000009,0.0892696210000099,-0.358265539999975,
0.0856805940000231,0.0888377340000311,0.0942826979999854,0.0817477279999612,-0.304605328000002,
0.101585359000013,0.0995099929999888,0.082067973000007,0.0718005939999821,-0.256470776000002,
0.106357853000038,0.0945751990000208,0.0876993140000363,0.0842766320000051,-0.292955904999989,
0.0719363850000059,0.0988301159999633,0.0615200590000204,0.111098872999971,-0.280365803000038,
0.091846231999993,0.0791006120000234,0.0847726180000036,0.0811337340000255,-0.271662754999968,
0.0784856919999715,0.0784191479999631,0.103138299999999,0.0754991079999941,-0.293552527999972,
0.0976258630000002,0.101975088999955,0.0825027159999891,0.105289421000036,-0.292600561000017,
0.0881526880000019,0.0979290600000036,0.0949258559999739,0.0767499129999824,-0.27968192000003,
0.0948235940000231,0.0766537600000279,0.0840346830000412,0.122539838000037,-0.294064259000014,
0.101096102999989,0.0694218550000137,0.0831465640000292,0.0990683349999995,-0.260973424000019,
0.0965996299999983,0.104714877000019,0.0811605920000325,0.0890059689999912,-0.306839965000005,
0.0882989079999929,0.101138754999966,0.074791450999996,0.085531252999996,-0.277254117999963,
0.100269104000007,0.107720515000015,0.0929932409999697,0.075895218999995,-0.296208284000017,
0.0973373510000361,0.0839205690000026,0.0950291909999769,0.0905905210000119,-0.313404429999972,
0.0958152659999991,0.090318554999988,0.0911850560000098,0.0906476799999787,-0.271510548000025,
0.0773574860000449,0.0929129420000054,0.104295629000038,0.0816236679999929,-0.320586864000006,
0.0947562570000055,0.0838276430000037,0.100287247999996,0.0909863900000378,-0.307832928000003,
0.0924859870000109,0.105484843999996,0.0807323559999863,0.100217599000011,-0.35111765699998,
0.0920287099999987,0.0785981840000241,0.0950850769999711,0.103177080999986,-0.284466966999997,
0.074154475000018,0.0587005850000082,0.0839654129999635,0.0880695689999602,-0.310487109999994,
0.070703735999989,0.0857210459999992,0.0664202059999684,0.0618514689999688,-0.271919918999986,
0.0752856160000024,0.0853597750000517,0.0779641069999993,0.0911357989999942,-0.305947176999989,
0.111677139000004,0.0951203219999743,0.0892749780000113,0.0945297019999725,-0.308176323999989,
0.107410257999972,0.0662704970000318,0.10375655900001,0.106360457000005,-0.320678835999993,
0.102625521999998,0.0781859479999725,0.0976973829999665,0.101541964999949,-0.31580053700003,
0.0803338809999841,0.100658891999997,0.100658891999997,0.077092535000002,-0.272465173999961,
0.068982360000025,0.0844086190000257,0.0926039869999881,0.0934568540000282,-0.267779656999978,
0.085475110000023,0.104631403999983,0.113428824000037,0.0954128360000213,-0.27631531399997,
0.067827129999981,0.0938736360000321,0.0952023719999975,0.0733707710000158,-0.297439109999985,
0.0812301739999712,0.0848495129999878,0.108953193999967,0.0852692900000061,-0.256950690000012,
0.108354473999992,0.0920761660000057,0.101144211000036,0.0691474239999916,-0.316856737000012,
0.0765829000000358,0.0530809159999953,0.0900790940000015,0.0975120689999758,-0.267688006999979,
0.0925729820000097,0.0959506719999667,0.0860896760000096,0.0867390640000235,-0.327656170000014,
0.0680702410000386,0.0869268470000184,0.0847691619999778,0.0722519369999427,-0.290111334000008,
0.09254506299999,0.0880022390000245,0.0845699469999599,0.101334606999935,-0.273646925999972,
0.0843809759999631,0.0529645719999744,0.10107148799999,0.134303161999969,-0.287836335000017,
0.0729980309999851,0.096677987000015,0.0925053340000209,0.0868309100000015,-0.341516168000005,
0.112765662999992,0.0822393049999837,0.0881455619999897,0.0699547609999686,-0.280068226999952,
0.0854149559999869,0.0873244910000262,0.103390352000017,0.0707467619999857,-0.302105734999979,
0.0818169130000228,0.0991467939999807,0.0684997920000228,0.089911305999969,-0.264577705999993,
0.081842916000001,0.0676094419999899,0.0639032809999658,0.103195133999999,-0.271023612000024,
0.0753391279999719,0.0839242969999832,0.0856865970000076,0.0952629190000166,-0.314838668999991,
0.0847478880000172,0.0799199259999814,0.0680464920000372,0.0626628429999905,-0.229054808000004,
0.0960800379999764,0.0760479599999653,0.0971358480000204,0.0795013680000102,-0.311266065000016,
0.0953875690000118,0.104511378000018,0.102651357000011,0.0912122249999961,-0.315637942000004,
0.0861744380000196,0.101677860000024,0.0662011130000096,0.094719433000027,-0.28497621200001,
0.104809372999992,0.083899300000016,0.111077070999994,0.098690737999988,-0.277046589000036,
0.0819723579999772,0.0851353029999928,0.0669058759999957,0.0729427219999952,-0.274557982999982,
0.0981610019999721,0.0840038900000045,0.100752125999992,0.0772135729999932,-0.303506604999996,
0.0828057589999353,0.0710102829999896,0.0786227519999943,0.0845504930000156,-0.246638013000006,
0.0959806380000059,0.0845975380000045,0.088647852000006,0.0902140950000057,-0.266004538999995,
0.110786826000012,0.114828202999998,0.105645390000009,0.101792760999984,-0.309794354000026,
0.0928049170000304,0.102432212000011,0.101693220000008,0.115477254000005,-0.302657636000005,
0.0923362090000196,0.10244880599999,0.0767399469999668,0.0781628389999901,-0.256864209999995,
0.0967419929999746,0.0803561489999943,0.0665708789999908,0.108422916000048,-0.311032689999992,
0.0918479500000176,0.0838069669999854,0.0770213800000051,0.0811492480000188,-0.324102180999974,
0.0963085419999816,0.0775515650000289,0.0932216389999849,0.0804759199999985,-0.261100915000011,
0.0651182320000312,0.0917848659999913,0.0797529610000111,0.112273929999987,-0.286230707999996,
0.0960033729999632,0.0722896420000184,0.0623557239999991,0.115143299999974,-0.253844852000012,
0.0937276039999847,0.108268720999992,0.0698366439999786,0.078522464000042,-0.271816604999991,
0.0965709870000269,0.0808713479999879,0.0922267490000118,0.0982400290000064,-0.305733586999982,
0.10307965499999,0.0817491719999862,0.0853892549999837,0.0821335349999731,-0.299344464000002,
0.102886635000015,0.115673506000006,0.0945964879999774,0.0822146130000024,-0.306024988000008,
0.0626472909999825,0.0956727070000261,0.0893238509999751,0.128166283000001,-0.279167607000029,
0.0808116900000004,0.0942639939999726,0.0896543489999894,0.110443491999996,-0.336945360000011,
0.097640403999997,0.0680851110000312,0.0833879539999634,0.0792621029999864,-0.306633630999949,
0.102802315999985,0.104281324000028,0.119973982000004,0.119973982000004,-0.301081814999984,
0.0765155089999794,0.125182310999974,0.083737208000045,0.101498290999998,-0.305597349000027,
0.0999176960000063,0.079316258000013,0.0789487440000057,0.0957999810000265,-0.271765611999991,
0.0654293780000321,0.0860772600000018,0.0569968290000352,0.101354389999972,-0.274690343999991,
0.0981115329999684,0.0669397179999792,0.083364163999996,0.111086740000008,-0.311178722999971,
0.0959686079999888,0.093817078000041,0.0684838670000354,0.106971881000062,-0.329801623999998,
0.0834475769999963,0.0943775879999921,0.101580029999978,0.0726416910000203,-0.305977658999993,
0.0919472650000066,0.0914829469999977,0.074045601999996,0.0877962900000134,-0.301685683999978,
0.10130820499998,0.0741463469999803,0.081355571999999,0.100128053000018,-0.294101009999987,
0.096122889000032,0.0849506070000266,0.0893387290000023,0.103036181000021,-0.303382335000011,
0.08885310200001,0.0873390820000109,0.106127355000021,0.100165630000019,-0.353118143999992,
0.0920965439999909,0.0846462119999997,0.103210285000002,0.0937315110000063,-0.302746095000009,
0.0893289889999992,0.0842552210000158,0.10159405400001,0.0946113679999648,-0.31981617999998,
0.0687652150000022,0.0918292539999666,0.0887867790000214,0.108487484999993,-0.298675131999952,
0.0779325510000385,0.0926788139999494,0.0972714869999963,0.0968428439999948,-0.291348847000015,
0.0838962660000152,0.0932717659999471,0.0996158000000037,0.0846026620000034,-0.295097122000024,
0.0956330419999804,0.0788984500000492,0.100201164000003,0.0885470840000144,-0.260804143000015,
0.113266004999991,0.0781433029999962,0.127612551000056,0.0886226519999718,-0.313769333999999,
0.0806905879999849,0.0723381369999743,0.0953331470000107,0.0821830219999874,-0.278892230999996,
0.0730634839999966,0.103684014000041,0.0793105399999922,0.080448291000032,-0.272285305000012,
0.100612795000026,0.101188104999994,0.099738158000041,0.0969328289999785,-0.324387698999999,
0.0777588699999801,0.077757641000002,0.0713625180000031,0.0864999559999965,-0.233927766999963,
0.0984754780000258,0.0807538490000243,0.110808988000045,0.0903457249999533,-0.289193254999967,
0.0983675139999877,0.106951045000003,0.105912651000031,0.0825269170000242,-0.274517165000013,
0.0753486739999876,0.0878970129999766,0.0694027660000052,0.0753422789999886,-0.306913064999996,
0.0857955529999681,0.0735019310000216,0.0761159420000449,0.101483052999978,-0.239265623000036,
0.0733587589999829,0.0908373829999982,0.0948832150000217,0.0997540890000169,-0.265835092999981,
0.0666844139999712,0.0822492160000183,0.109234131000041,0.0850226689999963,-0.282785743999988,
0.0654046410000265,0.0667983520000103,0.0820817860000175,0.0824358619999816,-0.311741298999989,
0.0556271619999798,0.100945138999972,0.0977581980000232,0.0786031239999893,-0.324397852999989,
0.0803874619999565,0.100800666000016,0.0760460009999993,0.105544329000007,-0.316524505999966,
0.0914314779999736,0.0812092249999996,0.0745520189999775,0.0982495159999985,-0.285279787000014,
0.106883328000009,0.0735821189999888,0.0984209729999779,0.0933092530000295,-0.272690813000003,
0.0780559430000017,0.0916503379999717,0.0699973020000066,0.0791374559999872,-0.299286330999987,
0.0756426560000018,0.0893364749999846,0.109063479999982,0.113119764999995,-0.273276015000012,
0.0718857730000286,0.087106257000004,0.0757292879999741,0.102006810999986,-0.295838034000006,
0.0870167369999977,0.100963941000011,0.0739022430000246,0.0994838499999892,-0.324526319000005,
0.106116719000011,0.0970283870000067,0.103611669999991,0.118421819999976,-0.27674503199998,
0.0839769889999775,0.0798746070000061,0.0806616889999827,0.125491309000007,-0.311208673000012,
0.0660217940000334,0.0864660800000115,0.10234311399998,0.0836260089999796,-0.283328595999969,
0.0966744510000408,0.0737056449999996,0.0959015250000457,0.0923915240000078,-0.30095661499996,
0.0742273770000043,0.0877621970000205,0.0804732960000106,0.0743524179999704,-0.297089085999976,
0.0880381279999938,0.0826587180000101,0.0790915699999964,0.0911634949999875,-0.266447438000021,
0.0860331340000007,0.0944380460000084,0.0591999099999639,0.102176896000012,-0.275666893999998,
0.095728836000003,0.0781599749999841,0.110932126999959,0.0984996650000089,-0.29273884500003,
0.104060164999979,0.113541657000026,0.118972699999982,0.105419983999995,-0.333927232999976,
0.0803269490000093,0.0958979940000286,0.101254870999994,0.0886852749999903,-0.302547457000038,
0.102309739000007,0.106411347999964,0.0814021789999938,0.130401374000007,-0.232328995000056,
0.102314713999984,0.082347837999991,0.119444958000013,0.10972399100001,-0.321871996999987,
0.0890845289999515,0.0768082820000341,0.0938480700000127,0.0998620609999821,-0.269912039999996,
0.0713332499999828,0.0795062689999795,0.094030426999981,0.0979922159999751,-0.327310194000036,
0.0974737710000095,0.0677891930000064,0.0734460179999769,0.0578945600000129,-0.265696089000017,
0.108954657000016,0.0670140600000204,0.0989366900000387,0.0968971060000003,-0.294288927000024,
0.0767064319999795,0.0709880740000458,0.0819691919999836,0.0947559799999744,-0.309885598999973,
0.0956152710000028,0.0874394490000209,0.0676271579999789,0.0989558899999975,-0.320283141999995,
0.114979082999983,0.0710641759999817,0.0896359029999735,0.0921592529999843,-0.247231518999985,
0.081027416999988,0.0775965789999914,0.0853662910000185,0.107233441000028,-0.310309243999995,
0.104814739999983,0.069973199999999,0.0705551879999707,0.0943554850000264,-0.309189852999976,
0.0857545159999895,0.0712950240000055,0.106429506000006,0.0857545159999895,-0.298761413999984,
0.0598737590000219,0.104862557999988,0.0890062850000036,0.0875102190000048,-0.293034330999985,
0.103936394000023,0.112307106000015,0.0817482150000101,0.0942918439999876,-0.282273695000024,
0.109575323999979,0.0856581829999786,0.0877381480000358,0.0801617869999927,-0.260449622000022,
0.0912744489999791,0.0820163789999647,0.0884624029999882,0.0794275830000492,-0.250018615000011,
0.101755614000018,0.0893029489999731,0.0724202910000063,0.0675495160000478,-0.241136546999968,
0.0852959299999807,0.0948631700000019,0.0959655700000021,0.074237634999985,-0.250666106000042,
0.10055339999998,0.0908111599999893,0.0887147199999981,0.103235608999996,-0.290204137999983,
0.0762811050000123,0.100017820000015,0.0941388719999982,0.0932178620000132,-0.320148165999965,
0.0928755660000029,0.107550593000033,0.076990943000028,0.0861114470000029,-0.278289333999986,
0.105669321999991,0.0972405450000119,0.0802069489999799,0.0700786780000153,-0.256359643999968,
0.124639441999981,0.120996273000011,0.0882554719999916,0.0950247399999898,-0.299251905999998,
0.0659795100000301,0.0921577489999977,0.102634088999992,0.0821200829999998,-0.286813324999999,
0.0912923680000422,0.0919327240000039,0.0955797629999815,0.0732042999999817,-0.280332303000021,
0.0702953969999748,0.0974129290000205,0.08947461199999,0.0688449160000123,-0.226481257999965,
0.104366885000016,0.081926329999988,0.0947949009999725,0.110860718000033,-0.28865390899996,
0.0685089659999908,0.088159112999992,0.108661594999969,0.0951874329999955,-0.318783004999968,
0.0738680090000121,0.0987866800000215,0.0976389350000113,0.0926358019999643,-0.251229623999974,
0.0823935730000121,0.0807198669999857,0.096834734999984,0.0834472880000062,-0.306615093999992,
0.0883210369999797,0.0934977050000061,0.0803423920000328,0.0954809120000036,-0.300981897000025,
0.0989619690000059,0.0861426010000187,0.119536722999991,0.0667932799999912,-0.298673780000026,
0.0938866290000242,0.10183163200002,0.083485685000006,0.0763661109999857,-0.286771125000018,
0.0897404970000425,0.0928021600000398,0.0928964580000061,0.0824281610000162,-0.257641206999999,
0.0928704029999667,0.094202373000006,0.0674675939999761,0.110459603999975,-0.284906479000017,
0.109835684999986,0.0949634320000132,0.0826083040000244,0.0965691609999767,-0.33692859000001,
0.0895983520000318,0.0739234929999971,0.105692427000022,0.0758069550000359,-0.295538209000058,
0.115285579999962,0.0916670259999855,0.105558412000014,0.0891354270000065,-0.273830465999976,
0.0857553830000029,0.0719716269999831,0.0946437359999968,0.108864301999995,-0.338807304000008,
0.0806331669999781,0.0765498329999787,0.0787653500000033,0.089014905999984,-0.318991314999989,
0.0996220739999735,0.103980068000021,0.123074397999969,0.104949196999994,-0.298721620000002,
0.0832253940000205,0.07421091600002,0.0844819200000056,0.105687698000008,-0.272853152000012,
0.0720987720000067,0.114085027000027,0.105366181000019,0.0992442670000109,-0.279086674000021,
0.0903776289999764,0.0771430100000307,0.0884446650000227,0.0854751839999512,-0.303284061000011,
0.104064078999993,0.0902179209999963,0.0828388090000103,0.0870723170000119,-0.275453023999986,
0.0911783189999865,0.096090224999979,0.085639692999976,0.0878930269999796,-0.339973701000023,
0.0692638080000133,0.0597957019999726,0.0913407780000243,0.116184564999989,-0.300076422999998,
0.100610046000042,0.0962787349999689,0.104111079999985,0.10370492,-0.309229049000006,
0.0894115379999889,0.0715494649999714,0.101938349999964,0.0869055249999592,-0.28878052099999,
0.0906002710000157,0.0796681839999892,0.10737515200002,0.0823783200000016,-0.296804994000013,
0.0753715270000425,0.0741873790000136,0.0748060890000233,0.0741873790000136,-0.266981839999991,
0.0671838970000017,0.102331874000013,0.0782316199999814,0.0744832700000111,-0.266305751999983,
0.0766872030000049,0.0919039390000048,0.0901305430000057,0.0870382169999402,-0.303348924000004,
0.102115781999975,0.0868506490000104,0.0843900369999997,0.0964690550000059,-0.323330487999984,
0.093134649000001,0.0827016000000022,0.10918106799995,0.0987032119999826,-0.334627845000025,
0.11074480299999,0.121096012999995,0.0773736159999812,0.076217700000012,-0.309112900999996,
0.0939674190000073,0.0665993369999846,0.0979657840000036,0.0678133969999876,-0.239711396000012,
0.114636769999981,0.104709061000005,0.0966678340000076,0.0775229539999927,-0.246710962999981,
0.0812213880000108,0.0862238100000195,0.0864761769999727,0.089919476000005,-0.271559259000008,
0.0822533010000075,0.0828973369999867,0.0916926040000139,0.0742182259999991,-0.275891876000047,
0.076854533000007,0.117018281000001,0.0714569939999756,0.104230731000001,-0.270040478999995,
0.0787211909999919,0.100038081999952,0.0781482469999573,0.0811543460000084,-0.264688327000011,
0.0756061729999533,0.101658031000032,0.0782033760000186,0.0936110290000097,-0.346026776000006,
0.0782779680000094,0.0788736979999935,0.0724456949999912,0.0998679200000051,-0.252258536,
0.076869230000058,0.0662956090000143,0.0607776030000064,0.0605303199999948,-0.288514613999982,
0.0912503370000072,0.0849952190000049,0.0784317899999669,0.0747375529999749,-0.290972766999995,
0.0756850530000402,0.0697777820000056,0.0864542209999913,0.106413886999982,-0.337212258999993,
0.0802420539999966,0.100791597000013,0.0948247729999798,0.0984181290000115,-0.296358645999996,
0.0892620589999979,0.0802443340000095,0.0875887019999645,0.0807991840000059,-0.30793693199996,
0.0929827629999982,0.0931590890000075,0.0738414609999795,0.111076357000019,-0.294191292000005,
0.104613242000009,0.0865949239999868,0.100111700000011,0.0789589270000051,-0.308101152999976,
0.0983308569999958,0.0838543570000265,0.0758918510000167,0.0889800920000007,-0.296883994999974,
0.0831909340000357,0.0842982189999893,0.0988695859999921,0.110922018000011,-0.298720454000025,
0.0744887069999691,0.0903223860000317,0.0914482370000051,0.0708247959999708,-0.275087306000011,
0.101172682000009,0.10228050200005,0.0864546550000232,0.0881128560000388,-0.296688651000029,
0.0873596250000301,0.104028867000029,0.0529113480000196,0.0845769160000282,-0.280795744999994,
0.0934808159999793,0.0977925879999925,0.0856953460000041,0.0927258469999952,-0.279960992999991,
0.0900130920000029,0.112397519000027,0.0976991729999754,0.0898084930000164,-0.277723630000001,
0.141521369000006,0.0805301050000321,0.111699417000015,0.10575963300003,-0.352742648999953,
0.0972812060000019,0.0770260849999704,0.0838842079999927,0.100037416999978,-0.311631721000033,
0.0772831490000535,0.0579199409999856,0.0712189730000246,0.09990876999999,-0.300213909000013,
0.0871466699999842,0.0794515279999741,0.0748753599999814,0.0799609710000054,-0.285343431000025,
0.087353545999988,0.0918566459999815,0.0922263849999722,0.106051632000008,-0.283337997999983,
0.0538902190000081,0.0714411899999968,0.0725205459999802,0.103434001000007,-0.232352620000003,
0.0817368539999861,0.0907293940000168,0.0654278790000035,0.0693920000000162,-0.302061665000015,
0.0812583589999945,0.0878081089999873,0.0981821829999922,0.0830236099999752,-0.255536597999975,
0.0719857879999954,0.0755452779999905,0.0976604980000166,0.106503948999974,-0.304606763000012,
0.0901066409999808,0.0888779940000204,0.082704802000022,0.0737703900000156,-0.307743706999997,
0.0834220219999984,0.0947572090000194,0.087231463000031,0.0923203509999921,-0.330744732000002,
0.0840913309999928,0.0839226520000066,0.0647254240000229,0.0682709159999963,-0.250272941999977,
0.0744707269999849,0.0932273210000048,0.0858450340000031,0.0809804379999432,-0.246823470999975,
0.105371544000014,0.0798234479999796,0.0939875519999591,0.0851394599999726,-0.298783817000018,
0.10238342700003,0.0912786929999866,0.0623515720000109,0.070366926999995,-0.303182705000029,
0.0905118769999981,0.0897989620000021,0.095486827999996,0.114961816999984,-0.261089625000021,
0.0793840199999827,0.0976891129999995,0.105624462000003,0.0800862339999935,-0.268512903,
0.0862592299999978,0.0840572329999886,0.0801114949999974,0.0965538969999911,-0.268306754999966,
0.0964739689999865,0.117722274000008,0.116487613000003,0.0999321010000158,-0.324834273000037,
0.0766249169999824,0.0966196959999825,0.0784220979999914,0.100973013000013,-0.329274154999991,
0.0731102869999709,0.0722890119999661,0.0900790849999767,0.0847527549999923,-0.283960940999976,
0.10536699000002,0.100696878999977,0.0906958950000144,0.0742306859999785,-0.248848563999987,
0.104589963999978,0.0844205319999969,0.0869567310000052,0.081726941999998,-0.334681634999999,
0.0985181209999937,0.0988355469999619,0.0988355469999619,0.0914072269999892,-0.333911748999955,
0.0890899019999965,0.067887445999992,0.0736285320000015,0.0762118120000055,-0.26179596600001,
0.106584052999957,0.0764555400000058,0.0905876879999819,0.0656238860000126,-0.259548503000027,
0.0812494639999882,0.0891246630000014,0.0830406019999691,0.0781709609999966,-0.280592092999984,
0.084306976000008,0.082200007999978,0.0938954820000217,0.0796162540000087,-0.265331163000004,
0.0893248939999889,0.10484844999998,0.101272120000029,0.094623015000016,-0.323733828999997,
0.101754352999982,0.0996169640000021,0.102913779000014,0.0833430029999458,-0.235579594000009,
0.110087654000012,0.0679295820000252,0.0916308519999779,0.0728465529999921,-0.291896999000005,
0.0961809449999782,0.101019919999971,0.101019919999971,0.0960131570000062,-0.342351073999994,
0.0912715690000155,0.0987172030000211,0.102480257000017,0.0905828270000015,-0.308965616000008,
0.0894799739999667,0.0907234589999939,0.102250081000018,0.0878133850000127,-0.349927127000032,
0.0692551990000138,0.0909980750000168,0.0833002280000514,0.0881331549999709,-0.306902618999993,
0.0847047810000568,0.0778872829999855,0.078623949000023,0.0756068980000045,-0.262256567000023,
0.100170968999987,0.107538199999988,0.0896478939999856,0.121488593000002,-0.317438401000014,
0.0803762469999829,0.086062310000013,0.0828066400000075,0.104071015999995,-0.323169676,
0.0679138359999756,0.0873660169999744,0.10356613200004,0.0936405720000075,-0.312155744999964,
0.0895968460000236,0.0820390550000134,0.0878962080000165,0.0820076519999925,-0.350909553000001,
0.0867059669999981,0.0855378690000412,0.102159746999983,0.0741352499999739,-0.279347936999999,
0.0812621360000194,0.0904819920000159,0.0995137629999672,0.102248197000015,-0.260506769999997,
0.0770171289999871,0.0860473139999886,0.0737946309999688,0.0804262860000053,-0.267561048999997,
0.0746791990000306,0.0991413039999929,0.0932316590000428,0.0680615300000104,-0.309946754000003,
0.0916273179999898,0.0901932820000284,0.093186705000001,0.0754575510000036,-0.331209388000008,
0.0652399289999998,0.102133075999999,0.096043822000026,0.0936991339999918,-0.285033192999963,
0.0824079189999975,0.100343084999978,0.0823494420000143,0.0860328040000441,-0.276773743000011,
0.0696351000000259,0.0840233750000134,0.095194886999986,0.0895902559999954,-0.297671121999976,
0.0948753560000009,0.0701986909999787,0.0855974160000155,0.0744632940000079,-0.301900661000011,
0.0926196289999848,0.0919190610000205,0.0897505750000132,0.0513738690000318,-0.287084374000033,
0.0804218599999967,0.0706358649999879,0.0665646440000228,0.0820944439999639,-0.313472556000033,
0.0865734109999612,0.0612110550000402,0.061743089999999,0.110324343999983,-0.279675586999986,
0.0797897330000037,0.0965938959999708,0.0869232200000256,0.0815359449999787,-0.288344791000004,
0.0924998460000011,0.095219445000027,0.0821706200000422,0.0710034470000155,-0.29882033899999,
