-6.05835
-6.01517
-5.95236
-6.07526
-6.02883
-6.01779
-6.01298
-6.0567
-6.01539
-6.04016
-6.06488
-6.13735
-6.02983
-6.11507
-6.13253
-6.06411
-6.04831
-6.03289
-6.06892
-6.09266
-5.99446
-6.0434
-6.09344
-6.1536
-6.03841
-6.06882
-6.04149
-6.16242
-6.05828
-5.97816
-6.0104
-6.13364
-6.08825
-5.99111
-6.08039
-6.07697
-6.05551
-5.97782
-6.14555
-6.02435
-6.1348
-6.01675
-6.07712
-6.12431
-6.02178
-6.06226
-6.04202
-6.06349
-6.08612
-6.00467
-6.12234
-6.07837
-5.98461
-6.0069
-6.07718
-6.18279
-6.14863
-6.1094
-6.05892
-6.06297
-6.09194
-6.08367
-6.051
-6.07007
-6.05136
-5.95724
-6.03081
-5.92186
-6.04739
-6.01238
-6.02895
-6.13398
-6.035
-6.17153
-5.97762
-6.12484
-5.9905
-6.02252
-5.97888
-5.97329
-6.05054
-6.03899
-6.048
-6.09126
-6.03808
-6.08719
-6.0574
-6.06012
-6.16235
-6.11499
-6.01687
-6.10211
-6.0134
-6.07407
-6.09207
-6.12305
-6.18667
-6.0425
-6.08854
-5.98523
