-5.94392
-5.4789
-5.62602
-5.28556
-5.3961
-5.65053
-5.91727
-5.1785
-5.90401
-5.51163
-6.62151
-5.93325
-4.97978
-4.60195
-5.91611
-4.4239
-5.59459
-6.0918
-6.51812
-5.13967
-4.88952
-4.97385
-5.6649
-5.48757
-6.32837
-6.29672
-6.1169
-5.24411
-5.90753
-5.62228
-4.44569
-5.76968
-5.63166
-5.61767
-6.09327
-3.93328
-5.28709
-6.32331
-4.89528
-5.05758
-5.74739
-5.16436
-5.07822
-4.86398
-6.09144
-4.98895
-5.41544
-5.87425
-5.77409
-3.89382
-5.52776
-5.50456
-4.48288
-5.84046
-5.08094
-4.71855
-5.94038
-5.85389
-5.22342
-6.25953
-5.9296
-5.54768
-6.42503
-6.462
-5.8077
-6.50914
-6.04699
-5.59278
-5.97817
-5.41123
-4.95596
-5.11978
-5.58694
-6.30287
-5.75275
-5.59563
-5.63996
-6.37563
-5.09732
-5.96318
-5.94774
-6.52522
-5.3447
-6.0645
-5.88493
-4.102
-5.79138
-5.90559
-6.15009
-5.47785
-5.42431
-6.53102
-4.29138
-4.88803
-5.60376
-6.22764
-5.42993
-5.27244
-4.87159
-5.21532
